7 3 197 240 45 34 -1 -1 -1 0 
8 3 195 242 43 33 -1 -1 -1 0 
9 3 189 244 47 37 -1 -1 -1 0 
10 3 186 243 48 41 -1 -1 -1 0 
11 3 180 243 51 42 -1 -1 -1 0 
14 3 168 252 51 38 -1 -1 -1 0 
15 3 163 257 53 36 -1 -1 -1 0 
16 3 160 258 51 38 -1 -1 -1 0 
17 3 153 261 54 39 -1 -1 -1 0 
17 6 12 256 56 27 -1 -1 -1 0 
17 7 377 141 22 18 -1 -1 -1 0 
18 3 149 264 54 38 -1 -1 -1 0 
18 6 21 252 57 26 -1 -1 -1 0 
19 6 29 248 59 24 -1 -1 -1 0 
19 7 372 143 22 19 -1 -1 -1 0 
20 3 140 269 55 37 -1 -1 -1 0 
20 6 41 245 53 24 -1 -1 -1 0 
20 7 370 144 23 18 -1 -1 -1 0 
21 3 137 273 50 36 -1 -1 -1 0 
21 6 49 242 53 25 -1 -1 -1 0 
21 7 370 145 20 18 -1 -1 -1 0 
22 3 130 275 54 37 -1 -1 -1 0 
22 6 56 238 53 26 -1 -1 -1 0 
22 7 367 146 22 19 -1 -1 -1 0 
23 3 124 275 56 41 -1 -1 -1 0 
23 6 66 236 49 25 -1 -1 -1 0 
23 7 364 147 23 19 -1 -1 -1 0 
24 3 120 274 58 43 -1 -1 -1 0 
24 6 75 232 47 26 -1 -1 -1 0 
24 7 363 148 22 20 -1 -1 -1 0 
25 3 115 275 58 45 -1 -1 -1 0 
25 6 81 230 49 27 -1 -1 -1 0 
25 7 360 148 24 22 -1 -1 -1 0 
26 3 109 278 59 46 -1 -1 -1 0 
26 6 89 227 44 27 -1 -1 -1 0 
26 7 357 150 25 21 -1 -1 -1 0 
26 10 646 513 22 47 -1 -1 -1 0 
27 3 103 279 60 48 -1 -1 -1 0 
27 6 95 226 35 25 -1 -1 -1 0 
27 7 354 153 26 20 -1 -1 -1 0 
28 3 98 282 61 49 -1 -1 -1 0 
28 6 103 222 36 23 -1 -1 -1 0 
28 7 354 154 23 19 -1 -1 -1 0 
28 10 644 528 22 53 -1 -1 -1 0 
29 3 90 285 64 50 -1 -1 -1 0 
29 6 112 218 35 24 -1 -1 -1 0 
29 7 351 154 24 21 -1 -1 -1 0 
29 10 642 535 25 56 -1 -1 -1 0 
30 3 87 285 61 54 -1 -1 -1 0 
30 6 119 214 34 25 -1 -1 -1 0 
30 7 349 155 24 20 -1 -1 -1 0 
31 3 80 288 64 55 -1 -1 -1 0 
31 6 124 215 45 22 -1 -1 -1 0 
31 7 345 156 27 21 -1 -1 -1 0 
31 10 640 561 25 54 -1 -1 -1 0 
32 3 74 289 65 58 -1 -1 -1 0 
32 6 131 213 38 20 -1 -1 -1 0 
32 7 342 157 26 21 -1 -1 -1 0 
33 3 66 297 68 52 -1 -1 -1 0 
33 6 137 210 39 20 -1 -1 -1 0 
33 7 339 160 25 19 -1 -1 -1 0 
34 3 61 300 67 52 -1 -1 -1 0 
34 6 143 207 40 20 -1 -1 -1 0 
34 7 338 162 24 19 -1 -1 -1 0 
34 10 638 598 25 63 -1 -1 -1 0 
35 3 55 302 69 54 -1 -1 -1 0 
35 6 148 206 42 20 -1 -1 -1 0 
36 3 48 306 71 55 -1 -1 -1 0 
36 6 156 203 39 20 -1 -1 -1 0 
36 7 332 163 26 22 -1 -1 -1 0 
36 10 635 630 27 62 -1 -1 -1 0 
37 3 40 327 49 38 -1 -1 -1 0 
37 6 161 201 39 20 -1 -1 -1 0 
37 7 329 164 27 24 -1 -1 -1 0 
38 3 34 314 70 54 -1 -1 -1 0 
38 6 169 199 33 20 -1 -1 -1 0 
38 7 328 165 26 24 -1 -1 -1 0 
39 3 25 320 74 51 -1 -1 -1 0 
39 6 173 197 34 21 -1 -1 -1 0 
39 7 323 166 29 23 -1 -1 -1 0 
40 3 18 340 50 37 -1 -1 -1 0 
40 6 177 193 32 22 -1 -1 -1 0 
40 7 320 168 30 23 -1 -1 -1 0 
41 3 10 344 50 37 -1 -1 -1 0 
41 6 183 192 31 20 -1 -1 -1 0 
42 6 188 185 39 26 -1 -1 -1 0 
42 7 314 171 31 22 -1 -1 -1 0 
43 6 193 185 35 26 -1 -1 -1 0 
43 7 311 172 29 22 -1 -1 -1 0 
44 6 198 182 39 27 -1 -1 -1 0 
44 7 308 174 28 21 -1 -1 -1 0 
44 11 722 131 154 584 -1 -1 -1 0 
45 6 202 182 37 24 -1 -1 -1 0 
45 7 305 177 28 22 -1 -1 -1 0 
45 11 722 132 154 584 -1 -1 -1 0 
46 6 206 182 37 23 -1 -1 -1 0 
46 7 301 179 29 23 -1 -1 -1 0 
46 11 722 131 155 585 -1 -1 -1 0 
47 6 213 181 26 21 -1 -1 -1 0 
47 7 297 179 32 25 -1 -1 -1 0 
47 11 722 132 154 583 -1 -1 -1 0 
48 6 219 179 24 21 -1 -1 -1 0 
48 7 294 180 31 25 -1 -1 -1 0 
49 7 292 182 30 24 -1 -1 -1 0 
49 11 723 133 153 583 -1 -1 -1 0 
50 7 288 184 31 25 -1 -1 -1 0 
50 11 722 134 155 581 -1 -1 -1 0 
51 6 231 173 29 20 -1 -1 -1 0 
51 7 285 184 32 27 -1 -1 -1 0 
51 11 723 133 153 583 -1 -1 -1 0 
52 6 233 172 29 19 -1 -1 -1 0 
52 7 281 186 33 26 -1 -1 -1 0 
52 11 722 132 155 583 -1 -1 -1 0 
53 6 238 170 29 20 -1 -1 -1 0 
53 7 277 188 33 26 -1 -1 -1 0 
53 11 720 132 156 583 -1 -1 -1 0 
54 6 241 168 30 21 -1 -1 -1 0 
54 7 273 191 34 26 -1 -1 -1 0 
54 11 719 131 157 584 -1 -1 -1 0 
55 6 246 167 29 20 -1 -1 -1 0 
55 7 270 193 33 25 -1 -1 -1 0 
56 6 251 166 25 18 -1 -1 -1 0 
56 7 265 193 34 27 -1 -1 -1 0 
57 6 255 165 21 18 -1 -1 -1 0 
57 7 261 195 34 26 -1 -1 -1 0 
58 6 258 164 26 18 -1 -1 -1 0 
58 7 258 198 32 25 -1 -1 -1 0 
59 6 263 162 24 17 -1 -1 -1 0 
59 7 253 199 35 27 -1 -1 -1 0 
60 6 266 161 26 17 -1 -1 -1 0 
60 7 249 202 35 27 -1 -1 -1 0 
61 6 269 159 27 16 -1 -1 -1 0 
61 7 245 205 35 26 -1 -1 -1 0 
62 6 273 157 27 15 -1 -1 -1 0 
62 7 240 206 35 29 -1 -1 -1 0 
63 6 278 156 25 14 -1 -1 -1 0 
63 7 235 208 38 29 -1 -1 -1 0 
64 6 281 154 25 16 -1 -1 -1 0 
64 7 231 209 37 29 -1 -1 -1 0 
65 6 283 153 26 16 -1 -1 -1 0 
65 7 226 211 38 29 -1 -1 -1 0 
66 6 286 151 28 17 -1 -1 -1 0 
67 6 289 150 26 16 -1 -1 -1 0 
67 7 217 216 39 30 -1 -1 -1 0 
68 6 294 150 25 15 -1 -1 -1 0 
68 7 210 219 42 31 -1 -1 -1 0 
69 6 297 148 26 16 -1 -1 -1 0 
70 7 201 223 41 29 -1 -1 -1 0 
71 7 195 225 41 29 -1 -1 -1 0 
72 7 190 228 43 28 -1 -1 -1 0 
73 7 185 232 41 30 -1 -1 -1 0 
74 7 178 234 43 32 -1 -1 -1 0 
75 7 172 235 46 31 -1 -1 -1 0 
76 7 166 239 44 30 -1 -1 -1 0 
77 7 159 240 46 35 -1 -1 -1 0 
78 7 155 243 45 37 -1 -1 -1 0 
79 7 146 246 49 35 -1 -1 -1 0 
80 7 139 250 51 34 -1 -1 -1 0 
81 7 133 253 50 34 -1 -1 -1 0 
82 7 126 256 50 34 -1 -1 -1 0 
83 7 118 260 53 36 -1 -1 -1 0 
84 7 110 263 53 36 -1 -1 -1 0 
85 7 103 266 55 35 -1 -1 -1 0 
86 7 93 271 58 35 -1 -1 -1 0 
87 7 87 275 55 35 -1 -1 -1 0 
88 7 78 278 57 36 -1 -1 -1 0 
88 18 643 403 17 41 -1 -1 -1 0 
89 7 71 281 57 38 -1 -1 -1 0 
90 7 60 285 61 40 -1 -1 -1 0 
91 7 51 290 63 39 -1 -1 -1 0 
92 7 42 294 63 42 -1 -1 -1 0 
93 7 30 297 68 44 -1 -1 -1 0 
94 7 21 302 67 43 -1 -1 -1 0 
95 7 11 308 67 41 -1 -1 -1 0 
96 7 1 311 68 43 -1 -1 -1 0 
97 7 0 317 59 44 -1 -1 -1 0 
97 21 704 524 28 44 -1 -1 -1 0 
98 7 0 323 49 43 -1 -1 -1 0 
98 21 703 528 30 47 -1 -1 -1 0 
99 7 0 327 40 45 -1 -1 -1 0 
99 21 704 538 30 48 -1 -1 -1 0 
99 22 635 481 17 47 -1 -1 -1 0 
100 7 0 332 29 44 -1 -1 -1 0 
101 7 0 337 19 35 -1 -1 -1 0 
101 21 707 554 29 47 -1 -1 -1 0 
101 22 631 497 20 49 -1 -1 -1 0 
102 7 0 341 11 35 -1 -1 -1 0 
102 21 708 561 27 46 -1 -1 -1 0 
103 21 707 570 29 48 -1 -1 -1 0 
103 22 629 515 20 51 -1 -1 -1 0 
104 21 707 578 30 43 -1 -1 -1 0 
104 22 627 525 22 52 -1 -1 -1 0 
105 21 708 585 29 44 -1 -1 -1 0 
105 22 625 532 23 53 -1 -1 -1 0 
105 23 706 611 32 51 -1 -1 -1 0 
106 21 709 596 28 49 -1 -1 -1 0 
106 22 625 543 21 55 -1 -1 -1 0 
107 21 707 604 32 51 -1 -1 -1 0 
107 22 623 555 23 57 -1 -1 -1 0 
107 23 705 631 36 53 -1 -1 -1 0 
108 21 706 613 34 50 -1 -1 -1 0 
108 22 622 563 23 60 -1 -1 -1 0 
109 21 707 625 32 53 -1 -1 -1 0 
109 22 621 575 23 62 -1 -1 -1 0 
110 21 709 634 30 54 -1 -1 -1 0 
110 22 620 591 24 61 -1 -1 -1 0 
110 23 705 663 36 54 -1 -1 -1 0 
111 21 708 645 32 50 -1 -1 -1 0 
111 22 619 614 22 52 -1 -1 -1 0 
112 21 709 655 34 51 -1 -1 -1 0 
112 22 616 628 24 52 -1 -1 -1 0 
113 21 709 668 34 51 -1 -1 -1 0 
114 21 710 680 34 39 -1 -1 -1 0 
115 21 715 691 28 28 -1 -1 -1 0 
140 27 708 114 167 590 -1 -1 -1 0 
142 27 697 114 179 590 -1 -1 -1 0 
143 27 699 115 176 589 -1 -1 -1 0 
145 27 698 115 178 589 -1 -1 -1 0 
146 27 703 117 173 586 -1 -1 -1 0 
147 27 711 119 167 584 -1 -1 -1 0 
148 27 716 119 162 585 -1 -1 -1 0 
149 27 720 120 159 584 -1 -1 -1 0 
152 27 720 119 158 586 -1 -1 -1 0 
178 34 19 251 61 32 -1 -1 -1 0 
179 34 28 245 62 34 -1 -1 -1 0 
180 34 40 242 59 32 -1 -1 -1 0 
181 34 49 238 60 31 -1 -1 -1 0 
182 34 58 235 60 30 -1 -1 -1 0 
183 34 68 232 56 29 -1 -1 -1 0 
184 34 78 229 53 30 -1 -1 -1 0 
185 34 86 226 52 31 -1 -1 -1 0 
194 34 155 200 46 24 -1 -1 -1 0 
195 34 163 199 42 25 -1 -1 -1 0 
196 34 169 196 42 26 -1 -1 -1 0 
197 34 179 192 41 25 -1 -1 -1 0 
197 39 7 245 43 27 -1 -1 -1 0 
198 39 10 242 47 28 -1 -1 -1 0 
199 39 12 241 51 27 -1 -1 -1 0 
200 34 193 186 39 25 -1 -1 -1 0 
200 39 15 237 54 28 -1 -1 -1 0 
201 34 201 182 40 26 -1 -1 -1 0 
201 39 28 235 47 25 -1 -1 -1 0 
202 39 31 234 50 24 -1 -1 -1 0 
203 39 37 232 48 24 -1 -1 -1 0 
204 39 42 230 49 24 -1 -1 -1 0 
204 46 699 471 19 41 -1 -1 -1 0 
205 39 50 227 47 25 -1 -1 -1 0 
205 46 699 489 19 34 -1 -1 -1 0 
206 39 56 225 49 26 -1 -1 -1 0 
206 46 700 488 19 40 -1 -1 -1 0 
206 48 654 558 27 59 -1 -1 -1 0 
207 39 63 222 45 26 -1 -1 -1 0 
207 46 699 489 20 47 -1 -1 -1 0 
207 48 654 563 26 62 -1 -1 -1 0 
208 39 67 220 47 26 -1 -1 -1 0 
208 46 699 500 21 44 -1 -1 -1 0 
208 48 654 575 26 64 -1 -1 -1 0 
209 39 74 218 45 24 -1 -1 -1 0 
209 46 700 505 19 45 -1 -1 -1 0 
209 48 652 593 28 62 -1 -1 -1 0 
210 39 79 218 44 22 -1 -1 -1 0 
210 46 699 520 21 41 -1 -1 -1 0 
211 39 85 215 44 24 -1 -1 -1 0 
211 46 699 527 21 42 -1 -1 -1 0 
212 39 90 213 45 25 -1 -1 -1 0 
212 46 700 540 22 37 -1 -1 -1 0 
212 48 649 626 29 65 -1 -1 -1 0 
213 39 96 212 43 23 -1 -1 -1 0 
213 46 701 548 21 38 -1 -1 -1 0 
213 48 650 638 27 68 -1 -1 -1 0 
214 39 102 210 40 24 -1 -1 -1 0 
215 39 107 209 38 22 -1 -1 -1 0 
216 39 111 207 40 22 -1 -1 -1 0 
216 46 702 573 23 48 -1 -1 -1 0 
217 39 118 205 37 21 -1 -1 -1 0 
217 46 701 580 24 49 -1 -1 -1 0 
217 51 643 681 34 38 -1 -1 -1 0 
218 39 122 203 38 21 -1 -1 -1 0 
218 46 702 591 25 50 -1 -1 -1 0 
219 34 282 150 32 23 -1 -1 -1 0 
219 39 127 200 38 22 -1 -1 -1 0 
219 46 702 597 26 56 -1 -1 -1 0 
220 34 287 149 31 21 -1 -1 -1 0 
221 39 138 198 34 21 -1 -1 -1 0 
221 46 701 621 28 60 -1 -1 -1 0 
222 39 142 196 35 22 -1 -1 -1 0 
223 39 148 193 33 23 -1 -1 -1 0 
224 39 150 191 35 22 -1 -1 -1 0 
225 39 156 191 32 21 -1 -1 -1 0 
226 39 158 188 35 21 -1 -1 -1 0 
227 39 161 187 35 21 -1 -1 -1 0 
228 39 167 186 34 21 -1 -1 -1 0 
229 39 171 184 34 21 -1 -1 -1 0 
230 39 175 182 34 23 -1 -1 -1 0 
231 39 178 180 34 25 -1 -1 -1 0 
232 39 183 179 33 23 -1 -1 -1 0 
233 39 187 179 32 20 -1 -1 -1 0 
234 39 192 178 30 19 -1 -1 -1 0 
235 39 196 175 29 22 -1 -1 -1 0 
236 39 198 173 31 23 -1 -1 -1 0 
237 39 202 171 31 23 -1 -1 -1 0 
238 39 208 171 27 22 -1 -1 -1 0 
239 39 209 170 31 21 -1 -1 -1 0 
240 39 212 170 32 20 -1 -1 -1 0 
241 39 216 169 31 21 -1 -1 -1 0 
243 39 224 166 28 22 -1 -1 -1 0 
244 39 228 164 29 23 -1 -1 -1 0 
245 39 230 164 28 21 -1 -1 -1 0 
247 39 237 162 27 19 -1 -1 -1 0 
248 39 242 161 26 18 -1 -1 -1 0 
250 39 247 158 25 17 -1 -1 -1 0 
251 39 251 156 24 19 -1 -1 -1 0 
252 39 253 156 24 19 -1 -1 -1 0 
253 39 255 154 27 21 -1 -1 -1 0 
254 39 257 154 26 19 -1 -1 -1 0 
255 39 261 153 23 18 -1 -1 -1 0 
255 56 720 545 33 49 -1 -1 -1 0 
256 39 263 152 26 19 -1 -1 -1 0 
256 56 721 547 32 53 -1 -1 -1 0 
257 39 266 151 25 18 -1 -1 -1 0 
257 56 720 559 35 50 -1 -1 -1 0 
258 39 267 149 28 19 -1 -1 -1 0 
258 56 721 562 33 53 -1 -1 -1 0 
259 39 273 148 23 18 -1 -1 -1 0 
259 56 720 573 35 52 -1 -1 -1 0 
260 39 275 147 22 18 -1 -1 -1 0 
260 56 720 572 35 60 -1 -1 -1 0 
261 39 277 145 23 19 -1 -1 -1 0 
261 56 720 590 36 51 -1 -1 -1 0 
262 39 280 144 23 19 -1 -1 -1 0 
262 56 721 595 35 53 -1 -1 -1 0 
263 39 281 143 25 20 -1 -1 -1 0 
263 56 720 596 37 59 -1 -1 -1 0 
264 39 284 142 25 20 -1 -1 -1 0 
264 56 722 606 35 61 -1 -1 -1 0 
265 39 288 142 24 19 -1 -1 -1 0 
265 56 724 621 34 55 -1 -1 -1 0 
266 39 290 142 22 19 -1 -1 -1 0 
266 56 722 627 36 58 -1 -1 -1 0 
267 39 292 141 23 19 -1 -1 -1 0 
267 56 722 637 37 59 -1 -1 -1 0 
268 39 295 140 23 19 -1 -1 -1 0 
268 56 723 649 35 58 -1 -1 -1 0 
269 39 298 139 22 19 -1 -1 -1 0 
270 39 300 138 23 19 -1 -1 -1 0 
270 56 720 657 41 61 -1 -1 -1 0 
301 61 676 124 15 12 -1 -1 -1 0 
302 61 675 123 17 14 -1 -1 -1 0 
303 61 676 124 15 13 -1 -1 -1 0 
304 61 675 124 17 14 -1 -1 -1 0 
305 61 675 124 18 14 -1 -1 -1 0 
308 61 676 125 16 13 -1 -1 -1 0 
309 61 676 125 17 14 -1 -1 -1 0 
326 61 679 130 18 16 -1 -1 -1 0 
327 61 679 130 18 16 -1 -1 -1 0 
328 61 679 130 18 16 -1 -1 -1 0 
329 61 679 131 19 16 -1 -1 -1 0 
330 61 679 131 19 16 -1 -1 -1 0 
331 61 679 131 19 16 -1 -1 -1 0 
332 61 679 131 19 16 -1 -1 -1 0 
333 61 680 131 18 16 -1 -1 -1 0 
334 61 681 132 17 15 -1 -1 -1 0 
335 61 682 133 16 15 -1 -1 -1 0 
336 61 681 133 17 16 -1 -1 -1 0 
336 64 665 494 25 45 -1 -1 -1 0 
337 61 681 133 18 17 -1 -1 -1 0 
339 64 664 531 23 50 -1 -1 -1 0 
340 64 661 524 27 50 -1 -1 -1 0 
341 61 681 135 18 18 -1 -1 -1 0 
342 61 679 133 19 20 -1 -1 -1 0 
343 61 679 133 19 20 -1 -1 -1 0 
344 61 679 134 20 20 -1 -1 -1 0 
345 61 679 136 20 18 -1 -1 -1 0 
346 61 679 136 20 18 -1 -1 -1 0 
347 61 679 136 20 18 -1 -1 -1 0 
348 61 680 136 20 18 -1 -1 -1 0 
349 61 679 137 21 18 -1 -1 -1 0 
350 61 680 137 20 18 -1 -1 -1 0 
351 61 680 138 20 17 -1 -1 -1 0 
352 61 681 139 18 16 -1 -1 -1 0 
353 61 681 139 18 16 -1 -1 -1 0 
354 61 681 139 19 17 -1 -1 -1 0 
355 61 680 139 21 18 -1 -1 -1 0 
356 61 682 140 19 17 -1 -1 -1 0 
357 61 682 141 21 18 -1 -1 -1 0 
358 61 683 141 19 17 -1 -1 -1 0 
359 61 681 141 21 19 -1 -1 -1 0 
360 61 681 141 21 19 -1 -1 -1 0 
361 61 682 142 21 18 -1 -1 -1 0 
362 61 683 143 18 17 -1 -1 -1 0 
363 61 682 144 20 18 -1 -1 -1 0 
364 61 682 144 20 18 -1 -1 -1 0 
365 61 684 145 18 17 -1 -1 -1 0 
366 61 684 146 18 16 -1 -1 -1 0 
367 61 684 146 18 17 -1 -1 -1 0 
368 61 684 146 19 18 -1 -1 -1 0 
369 61 685 147 18 17 -1 -1 -1 0 
370 61 685 147 18 18 -1 -1 -1 0 
371 61 685 147 18 19 -1 -1 -1 0 
372 61 685 147 19 20 -1 -1 -1 0 
373 61 685 147 19 21 -1 -1 -1 0 
374 61 684 147 21 22 -1 -1 -1 0 
375 61 685 146 20 23 -1 -1 -1 0 
376 61 683 146 22 24 -1 -1 -1 0 
377 61 684 147 19 23 -1 -1 -1 0 
378 61 684 147 21 24 -1 -1 -1 0 
379 61 684 148 20 23 -1 -1 -1 0 
380 61 684 147 21 25 -1 -1 -1 0 
381 61 684 148 21 24 -1 -1 -1 0 
382 61 684 149 20 23 -1 -1 -1 0 
383 61 684 150 21 23 -1 -1 -1 0 
384 61 684 151 21 22 -1 -1 -1 0 
385 61 685 152 20 21 -1 -1 -1 0 
386 61 685 153 20 21 -1 -1 -1 0 
387 61 684 155 22 20 -1 -1 -1 0 
388 61 684 156 22 19 -1 -1 -1 0 
389 61 686 157 19 18 -1 -1 -1 0 
390 61 686 157 20 19 -1 -1 -1 0 
391 61 685 157 22 20 -1 -1 -1 0 
392 61 686 159 20 18 -1 -1 -1 0 
393 61 686 158 20 20 -1 -1 -1 0 
394 61 686 158 20 21 -1 -1 -1 0 
395 61 685 158 22 22 -1 -1 -1 0 
400 61 685 162 23 21 -1 -1 -1 0 
401 61 686 162 22 22 -1 -1 -1 0 
402 61 686 162 23 24 -1 -1 -1 0 
403 61 686 163 23 24 -1 -1 -1 0 
404 61 687 164 22 23 -1 -1 -1 0 
405 61 687 163 22 24 -1 -1 -1 0 
406 61 687 164 22 23 -1 -1 -1 0 
407 61 688 165 20 22 -1 -1 -1 0 
407 70 667 138 17 15 -1 -1 -1 0 
408 61 687 166 23 23 -1 -1 -1 0 
408 70 666 138 19 16 -1 -1 -1 0 
409 61 688 167 22 23 -1 -1 -1 0 
409 70 668 140 17 14 -1 -1 -1 0 
410 61 687 168 23 23 -1 -1 -1 0 
410 70 667 140 18 15 -1 -1 -1 0 
411 61 687 171 24 21 -1 -1 -1 0 
411 70 667 141 18 14 -1 -1 -1 0 
412 61 689 172 22 20 -1 -1 -1 0 
412 70 668 142 17 13 -1 -1 -1 0 
413 61 689 173 21 20 -1 -1 -1 0 
413 70 668 142 17 13 -1 -1 -1 0 
414 61 689 174 21 20 -1 -1 -1 0 
414 70 668 143 17 13 -1 -1 -1 0 
415 61 689 174 21 21 -1 -1 -1 0 
415 70 668 143 17 13 -1 -1 -1 0 
416 61 688 174 23 22 -1 -1 -1 0 
416 70 668 143 17 14 -1 -1 -1 0 
417 61 688 175 23 22 -1 -1 -1 0 
417 70 667 143 18 14 -1 -1 -1 0 
418 61 688 176 22 22 -1 -1 -1 0 
418 70 668 144 17 14 -1 -1 -1 0 
419 61 687 176 25 23 -1 -1 -1 0 
419 70 667 144 18 15 -1 -1 -1 0 
420 61 689 177 21 22 -1 -1 -1 0 
420 70 667 145 18 16 -1 -1 -1 0 
421 61 688 177 22 23 -1 -1 -1 0 
421 70 667 146 18 15 -1 -1 -1 0 
422 61 688 177 23 25 -1 -1 -1 0 
422 70 668 147 16 14 -1 -1 -1 0 
423 61 688 177 23 25 -1 -1 -1 0 
423 70 668 147 16 14 -1 -1 -1 0 
424 61 688 179 22 24 -1 -1 -1 0 
424 70 667 147 18 15 -1 -1 -1 0 
425 61 690 180 20 23 -1 -1 -1 0 
425 70 668 148 16 14 -1 -1 -1 0 
426 61 689 180 22 24 -1 -1 -1 0 
426 70 668 148 17 15 -1 -1 -1 0 
427 61 689 181 21 24 -1 -1 -1 0 
427 70 669 149 15 15 -1 -1 -1 0 
428 61 688 182 23 24 -1 -1 -1 0 
429 61 688 184 24 24 -1 -1 -1 0 
429 70 668 149 16 16 -1 -1 -1 0 
430 61 690 185 22 23 -1 -1 -1 0 
431 61 689 186 24 23 -1 -1 -1 0 
432 61 690 188 22 22 -1 -1 -1 0 
432 70 669 149 16 17 -1 -1 -1 0 
433 61 690 188 22 23 -1 -1 -1 0 
434 61 690 188 23 25 -1 -1 -1 0 
435 61 690 189 23 25 -1 -1 -1 0 
435 70 667 151 19 19 -1 -1 -1 0 
436 61 691 191 22 24 -1 -1 -1 0 
436 70 667 151 18 19 -1 -1 -1 0 
437 61 689 190 25 26 -1 -1 -1 0 
437 70 667 152 19 19 -1 -1 -1 0 
438 61 691 190 22 26 -1 -1 -1 0 
438 70 667 152 18 19 -1 -1 -1 0 
439 61 689 190 26 28 -1 -1 -1 0 
439 70 667 153 18 18 -1 -1 -1 0 
440 61 691 191 22 27 -1 -1 -1 0 
440 70 668 154 17 17 -1 -1 -1 0 
441 61 689 193 25 26 -1 -1 -1 0 
441 70 666 155 20 18 -1 -1 -1 0 
442 61 691 193 22 26 -1 -1 -1 0 
442 70 666 155 21 18 -1 -1 -1 0 
443 61 689 194 25 27 -1 -1 -1 0 
443 70 666 156 19 18 -1 -1 -1 0 
444 61 691 196 21 26 -1 -1 -1 0 
444 70 666 157 20 17 -1 -1 -1 0 
445 61 689 195 25 28 -1 -1 -1 0 
445 70 666 157 20 18 -1 -1 -1 0 
446 61 690 196 23 28 -1 -1 -1 0 
446 70 666 158 19 18 -1 -1 -1 0 
447 61 690 196 24 30 -1 -1 -1 0 
447 70 665 158 21 20 -1 -1 -1 0 
448 61 690 196 23 30 -1 -1 -1 0 
448 70 664 160 22 18 -1 -1 -1 0 
449 61 689 197 25 31 -1 -1 -1 0 
449 70 666 161 18 17 -1 -1 -1 0 
450 61 689 198 25 31 -1 -1 -1 0 
450 70 665 161 20 18 -1 -1 -1 0 
451 61 690 204 24 28 -1 -1 -1 0 
451 70 667 162 17 17 -1 -1 -1 0 
452 61 690 204 24 28 -1 -1 -1 0 
452 70 667 162 16 18 -1 -1 -1 0 
452 71 57 245 50 24 -1 -1 -1 0 
453 61 691 205 22 28 -1 -1 -1 0 
453 70 668 162 17 19 -1 -1 -1 0 
453 71 67 244 50 21 -1 -1 -1 0 
454 61 690 205 25 29 -1 -1 -1 0 
454 70 667 163 18 20 -1 -1 -1 0 
454 71 75 242 45 18 -1 -1 -1 0 
455 61 691 207 23 28 -1 -1 -1 0 
455 70 667 163 18 21 -1 -1 -1 0 
455 71 84 238 47 20 -1 -1 -1 0 
456 61 690 206 25 30 -1 -1 -1 0 
456 70 666 162 21 23 -1 -1 -1 0 
457 61 690 206 25 30 -1 -1 -1 0 
457 70 666 163 20 22 -1 -1 -1 0 
457 71 101 231 44 22 -1 -1 -1 0 
458 61 690 208 25 30 -1 -1 -1 0 
458 70 666 163 20 23 -1 -1 -1 0 
458 71 108 229 41 22 -1 -1 -1 0 
459 61 690 209 25 30 -1 -1 -1 0 
459 70 665 164 22 23 -1 -1 -1 0 
459 71 117 226 35 23 -1 -1 -1 0 
460 61 691 211 23 29 -1 -1 -1 0 
460 70 665 166 22 22 -1 -1 -1 0 
461 61 691 211 23 30 -1 -1 -1 0 
461 70 665 167 21 21 -1 -1 -1 0 
462 61 690 211 25 32 -1 -1 -1 0 
462 70 665 168 21 21 -1 -1 -1 0 
463 61 690 212 24 32 -1 -1 -1 0 
463 70 665 169 21 20 -1 -1 -1 0 
464 61 690 216 24 31 -1 -1 -1 0 
464 70 666 171 19 18 -1 -1 -1 0 
465 61 689 217 26 31 -1 -1 -1 0 
465 70 665 171 20 19 -1 -1 -1 0 
465 72 383 143 22 18 -1 -1 -1 0 
466 61 691 217 23 32 -1 -1 -1 0 
466 70 664 171 22 20 -1 -1 -1 0 
466 71 167 205 38 20 -1 -1 -1 0 
466 72 382 145 20 17 -1 -1 -1 0 
467 61 690 218 26 33 -1 -1 -1 0 
467 70 662 171 24 22 -1 -1 -1 0 
467 71 172 203 41 19 -1 -1 -1 0 
467 72 380 145 20 18 -1 -1 -1 0 
468 61 690 219 26 33 -1 -1 -1 0 
468 70 663 172 22 21 -1 -1 -1 0 
468 71 181 202 34 18 -1 -1 -1 0 
469 61 692 220 22 32 -1 -1 -1 0 
469 70 662 173 23 22 -1 -1 -1 0 
470 61 690 221 26 32 -1 -1 -1 0 
470 70 662 174 23 22 -1 -1 -1 0 
471 61 690 223 25 31 -1 -1 -1 0 
471 70 662 175 23 22 -1 -1 -1 0 
471 71 198 195 32 16 -1 -1 -1 0 
472 61 690 224 24 32 -1 -1 -1 0 
472 70 665 176 20 21 -1 -1 -1 0 
473 61 689 224 27 34 -1 -1 -1 0 
473 70 665 177 19 21 -1 -1 -1 0 
474 61 689 225 27 34 -1 -1 -1 0 
474 70 665 177 20 22 -1 -1 -1 0 
475 61 690 227 24 33 -1 -1 -1 0 
475 70 663 177 23 24 -1 -1 -1 0 
475 72 363 153 24 19 -1 -1 -1 0 
476 61 690 228 24 34 -1 -1 -1 0 
476 70 664 178 21 23 -1 -1 -1 0 
477 61 688 228 27 36 -1 -1 -1 0 
477 70 663 177 23 25 -1 -1 -1 0 
478 61 688 229 28 36 -1 -1 -1 0 
478 70 663 178 22 25 -1 -1 -1 0 
479 61 688 231 28 35 -1 -1 -1 0 
479 70 662 179 22 25 -1 -1 -1 0 
480 61 690 231 24 36 -1 -1 -1 0 
480 70 662 181 22 23 -1 -1 -1 0 
481 61 688 233 27 36 -1 -1 -1 0 
481 70 663 183 19 22 -1 -1 -1 0 
482 61 688 235 28 35 -1 -1 -1 0 
482 70 662 184 21 23 -1 -1 -1 0 
483 61 688 238 26 34 -1 -1 -1 0 
483 70 663 185 20 23 -1 -1 -1 0 
483 72 344 162 24 21 -1 -1 -1 0 
484 61 687 238 29 36 -1 -1 -1 0 
484 70 662 185 22 24 -1 -1 -1 0 
484 72 342 163 24 22 -1 -1 -1 0 
485 61 689 239 25 37 -1 -1 -1 0 
485 70 662 186 20 23 -1 -1 -1 0 
485 72 339 163 25 23 -1 -1 -1 0 
485 76 369 165 25 26 -1 -1 -1 0 
486 61 688 240 27 39 -1 -1 -1 0 
486 70 660 187 22 24 -1 -1 -1 0 
486 72 335 164 28 24 -1 -1 -1 0 
486 76 365 165 29 28 -1 -1 -1 0 
486 77 684 485 22 45 -1 -1 -1 0 
487 61 687 243 29 37 -1 -1 -1 0 
487 70 662 189 20 23 -1 -1 -1 0 
487 72 332 163 28 26 -1 -1 -1 0 
487 76 363 167 29 27 -1 -1 -1 0 
487 77 685 496 20 46 -1 -1 -1 0 
488 61 687 245 28 36 -1 -1 -1 0 
488 70 661 190 22 23 -1 -1 -1 0 
488 72 330 166 28 24 -1 -1 -1 0 
488 76 360 169 31 28 -1 -1 -1 0 
489 61 686 245 30 37 -1 -1 -1 0 
489 70 661 191 22 24 -1 -1 -1 0 
489 72 328 168 28 23 -1 -1 -1 0 
489 76 359 171 28 27 -1 -1 -1 0 
490 61 687 247 28 36 -1 -1 -1 0 
490 70 661 191 21 25 -1 -1 -1 0 
490 72 324 170 28 22 -1 -1 -1 0 
490 76 357 172 28 28 -1 -1 -1 0 
490 77 683 513 22 51 -1 -1 -1 0 
491 61 686 247 30 38 -1 -1 -1 0 
491 70 660 191 22 26 -1 -1 -1 0 
491 72 323 172 24 21 -1 -1 -1 0 
491 76 355 173 29 29 -1 -1 -1 0 
491 77 683 529 22 49 -1 -1 -1 0 
492 61 687 249 28 39 -1 -1 -1 0 
492 70 659 191 24 27 -1 -1 -1 0 
492 72 320 173 25 22 -1 -1 -1 0 
492 76 351 173 30 30 -1 -1 -1 0 
492 77 682 528 23 48 -1 -1 -1 0 
493 61 685 250 31 40 -1 -1 -1 0 
493 70 659 192 23 27 -1 -1 -1 0 
493 72 317 173 27 25 -1 -1 -1 0 
493 76 348 174 31 30 -1 -1 -1 0 
493 77 682 544 21 49 -1 -1 -1 0 
494 61 686 253 28 39 -1 -1 -1 0 
494 70 659 193 23 26 -1 -1 -1 0 
494 72 313 175 28 25 -1 -1 -1 0 
494 76 345 176 33 30 -1 -1 -1 0 
495 61 686 254 28 40 -1 -1 -1 0 
495 70 661 194 19 25 -1 -1 -1 0 
495 72 312 176 26 25 -1 -1 -1 0 
496 61 684 255 32 42 -1 -1 -1 0 
496 70 660 194 21 27 -1 -1 -1 0 
496 72 307 177 29 27 -1 -1 -1 0 
496 76 339 178 32 29 -1 -1 -1 0 
497 61 684 257 32 41 -1 -1 -1 0 
497 70 659 196 22 27 -1 -1 -1 0 
497 72 303 179 30 27 -1 -1 -1 0 
497 76 338 181 31 28 -1 -1 -1 0 
497 77 680 569 23 63 -1 -1 -1 0 
498 61 683 259 32 40 -1 -1 -1 0 
498 70 660 198 20 26 -1 -1 -1 0 
498 72 300 181 30 26 -1 -1 -1 0 
498 76 335 181 33 30 -1 -1 -1 0 
499 61 685 261 29 40 -1 -1 -1 0 
499 70 658 199 23 28 -1 -1 -1 0 
499 72 298 180 30 28 -1 -1 -1 0 
499 76 333 183 31 29 -1 -1 -1 0 
499 77 677 582 29 52 -1 -1 -1 0 
500 61 684 262 32 42 -1 -1 -1 0 
500 70 658 201 23 27 -1 -1 -1 0 
500 72 294 182 31 27 -1 -1 -1 0 
500 76 331 185 31 31 -1 -1 -1 0 
500 77 676 591 29 49 -1 -1 -1 0 
501 61 685 264 31 41 -1 -1 -1 0 
501 70 658 203 23 27 -1 -1 -1 0 
501 72 291 184 30 26 -1 -1 -1 0 
501 76 328 186 32 32 -1 -1 -1 0 
502 61 684 265 31 42 -1 -1 -1 0 
502 70 659 203 21 28 -1 -1 -1 0 
502 72 289 186 28 26 -1 -1 -1 0 
503 61 683 267 31 43 -1 -1 -1 0 
503 70 658 202 22 30 -1 -1 -1 0 
503 72 285 188 29 27 -1 -1 -1 0 
504 61 682 270 33 42 -1 -1 -1 0 
504 70 658 203 21 29 -1 -1 -1 0 
504 72 282 189 29 28 -1 -1 -1 0 
505 61 682 271 33 42 -1 -1 -1 0 
505 70 658 204 21 30 -1 -1 -1 0 
505 72 277 190 32 29 -1 -1 -1 0 
505 77 676 643 27 61 -1 -1 -1 0 
506 61 681 273 35 43 -1 -1 -1 0 
506 70 657 204 23 32 -1 -1 -1 0 
506 72 274 192 31 28 -1 -1 -1 0 
506 76 311 194 36 33 -1 -1 -1 0 
506 77 674 654 29 63 -1 -1 -1 0 
507 61 683 275 32 44 -1 -1 -1 0 
507 70 656 206 24 29 -1 -1 -1 0 
507 72 270 195 32 27 -1 -1 -1 0 
507 76 309 196 34 32 -1 -1 -1 0 
507 77 673 666 31 53 -1 -1 -1 0 
508 61 683 276 32 45 -1 -1 -1 0 
508 70 655 207 25 29 -1 -1 -1 0 
508 72 267 197 32 27 -1 -1 -1 0 
509 61 682 277 33 46 -1 -1 -1 0 
509 70 655 209 24 28 -1 -1 -1 0 
509 72 262 197 33 29 -1 -1 -1 0 
510 61 682 277 32 49 -1 -1 -1 0 
510 70 655 211 24 28 -1 -1 -1 0 
510 72 258 200 32 29 -1 -1 -1 0 
510 76 299 200 35 33 -1 -1 -1 0 
511 61 681 278 33 50 -1 -1 -1 0 
511 70 656 213 22 27 -1 -1 -1 0 
511 72 255 202 32 31 -1 -1 -1 0 
511 76 295 201 37 35 -1 -1 -1 0 
512 61 680 281 37 50 -1 -1 -1 0 
512 70 655 213 23 29 -1 -1 -1 0 
512 72 251 203 32 32 -1 -1 -1 0 
512 76 292 202 36 35 -1 -1 -1 0 
513 61 680 284 34 48 -1 -1 -1 0 
513 70 653 214 26 31 -1 -1 -1 0 
513 72 245 205 36 32 -1 -1 -1 0 
513 76 289 204 37 35 -1 -1 -1 0 
514 61 681 287 33 47 -1 -1 -1 0 
514 70 653 216 25 30 -1 -1 -1 0 
514 72 241 206 37 32 -1 -1 -1 0 
514 76 286 205 37 35 -1 -1 -1 0 
515 61 680 290 34 48 -1 -1 -1 0 
515 70 654 218 23 29 -1 -1 -1 0 
515 72 237 209 37 30 -1 -1 -1 0 
515 76 282 208 36 33 -1 -1 -1 0 
516 61 679 292 35 50 -1 -1 -1 0 
516 70 652 218 26 31 -1 -1 -1 0 
516 72 233 212 36 28 -1 -1 -1 0 
516 76 278 210 38 32 -1 -1 -1 0 
517 61 680 294 33 49 -1 -1 -1 0 
517 70 652 219 25 31 -1 -1 -1 0 
517 72 230 213 35 28 -1 -1 -1 0 
517 76 277 213 35 32 -1 -1 -1 0 
518 61 678 295 36 51 -1 -1 -1 0 
518 70 652 220 25 31 -1 -1 -1 0 
518 72 225 215 36 31 -1 -1 -1 0 
518 76 271 214 38 37 -1 -1 -1 0 
519 61 678 298 35 50 -1 -1 -1 0 
519 70 652 222 25 30 -1 -1 -1 0 
519 72 220 216 37 32 -1 -1 -1 0 
519 76 265 213 41 37 -1 -1 -1 0 
520 61 678 300 35 52 -1 -1 -1 0 
520 70 651 223 26 30 -1 -1 -1 0 
520 72 214 219 39 31 -1 -1 -1 0 
520 76 262 217 40 36 -1 -1 -1 0 
521 61 678 303 35 52 -1 -1 -1 0 
521 70 652 225 23 29 -1 -1 -1 0 
521 72 209 222 41 31 -1 -1 -1 0 
521 76 259 219 40 42 -1 -1 -1 0 
522 61 677 305 37 54 -1 -1 -1 0 
522 70 650 225 25 32 -1 -1 -1 0 
522 72 204 224 41 31 -1 -1 -1 0 
522 76 254 220 42 41 -1 -1 -1 0 
523 61 676 307 38 54 -1 -1 -1 0 
523 70 648 227 28 33 -1 -1 -1 0 
523 72 200 226 40 31 -1 -1 -1 0 
523 76 250 224 41 36 -1 -1 -1 0 
524 61 675 310 40 53 -1 -1 -1 0 
524 70 649 228 26 33 -1 -1 -1 0 
524 72 195 228 40 33 -1 -1 -1 0 
525 61 676 312 38 54 -1 -1 -1 0 
525 70 648 229 27 34 -1 -1 -1 0 
525 72 188 230 43 35 -1 -1 -1 0 
526 61 676 314 37 56 -1 -1 -1 0 
526 70 648 230 26 34 -1 -1 -1 0 
526 72 183 233 43 35 -1 -1 -1 0 
526 76 237 228 43 40 -1 -1 -1 0 
527 61 675 316 39 58 -1 -1 -1 0 
527 70 647 232 26 33 -1 -1 -1 0 
527 72 176 235 44 36 -1 -1 -1 0 
527 76 231 230 46 39 -1 -1 -1 0 
528 61 676 319 37 58 -1 -1 -1 0 
528 70 647 233 26 34 -1 -1 -1 0 
528 72 172 237 45 35 -1 -1 -1 0 
528 76 228 233 44 39 -1 -1 -1 0 
529 61 675 321 38 58 -1 -1 -1 0 
529 70 648 234 24 33 -1 -1 -1 0 
529 72 166 241 46 33 -1 -1 -1 0 
529 76 222 235 46 39 -1 -1 -1 0 
530 61 675 325 38 57 -1 -1 -1 0 
530 70 646 235 27 35 -1 -1 -1 0 
530 72 160 244 46 35 -1 -1 -1 0 
530 76 219 240 44 38 -1 -1 -1 0 
531 61 675 326 37 61 -1 -1 -1 0 
531 70 644 237 28 34 -1 -1 -1 0 
531 72 155 245 46 35 -1 -1 -1 0 
531 76 212 243 49 39 -1 -1 -1 0 
532 61 673 328 39 63 -1 -1 -1 0 
532 70 644 239 28 36 -1 -1 -1 0 
532 72 147 249 47 34 -1 -1 -1 0 
532 76 208 246 46 39 -1 -1 -1 0 
533 61 673 332 39 61 -1 -1 -1 0 
533 70 644 240 27 36 -1 -1 -1 0 
533 72 142 251 46 35 -1 -1 -1 0 
533 76 203 246 46 42 -1 -1 -1 0 
534 61 671 337 42 60 -1 -1 -1 0 
534 70 644 243 28 36 -1 -1 -1 0 
534 72 134 254 51 35 -1 -1 -1 0 
534 76 195 249 51 41 -1 -1 -1 0 
535 61 672 340 39 61 -1 -1 -1 0 
535 70 643 244 29 36 -1 -1 -1 0 
535 72 126 258 51 36 -1 -1 -1 0 
535 76 191 251 49 41 -1 -1 -1 0 
536 61 672 343 38 62 -1 -1 -1 0 
536 70 644 246 26 35 -1 -1 -1 0 
536 72 120 260 53 37 -1 -1 -1 0 
536 76 186 254 49 42 -1 -1 -1 0 
537 61 671 345 41 64 -1 -1 -1 0 
537 70 643 247 27 36 -1 -1 -1 0 
537 72 112 263 53 37 -1 -1 -1 0 
537 76 179 256 54 43 -1 -1 -1 0 
538 61 671 349 40 63 -1 -1 -1 0 
538 70 644 249 25 35 -1 -1 -1 0 
538 72 107 266 52 36 -1 -1 -1 0 
538 76 175 260 51 43 -1 -1 -1 0 
539 61 671 352 41 65 -1 -1 -1 0 
539 70 642 250 28 37 -1 -1 -1 0 
539 72 99 270 56 37 -1 -1 -1 0 
539 76 168 260 55 45 -1 -1 -1 0 
540 61 672 354 39 67 -1 -1 -1 0 
540 70 641 252 28 37 -1 -1 -1 0 
540 72 92 274 53 38 -1 -1 -1 0 
540 76 162 264 56 45 -1 -1 -1 0 
541 61 670 357 41 69 -1 -1 -1 0 
541 70 639 255 30 37 -1 -1 -1 0 
541 72 82 277 58 40 -1 -1 -1 0 
541 76 157 268 53 46 -1 -1 -1 0 
542 61 671 361 41 68 -1 -1 -1 0 
542 70 640 257 28 37 -1 -1 -1 0 
542 72 76 280 56 41 -1 -1 -1 0 
542 76 150 271 55 47 -1 -1 -1 0 
543 61 670 366 41 68 -1 -1 -1 0 
543 70 639 257 29 39 -1 -1 -1 0 
543 72 65 283 60 41 -1 -1 -1 0 
543 76 142 275 58 48 -1 -1 -1 0 
544 61 670 370 41 68 -1 -1 -1 0 
544 70 638 259 30 39 -1 -1 -1 0 
544 72 58 287 61 43 -1 -1 -1 0 
544 76 138 277 56 47 -1 -1 -1 0 
544 80 668 367 44 71 -1 -1 -1 0 
545 61 668 372 43 71 -1 -1 -1 0 
545 70 638 261 30 39 -1 -1 -1 0 
545 72 47 290 64 45 -1 -1 -1 0 
545 76 130 281 58 49 -1 -1 -1 0 
546 61 666 375 47 73 -1 -1 -1 0 
546 70 639 263 28 38 -1 -1 -1 0 
546 72 39 294 62 45 -1 -1 -1 0 
546 76 123 284 58 51 -1 -1 -1 0 
547 61 666 379 46 74 -1 -1 -1 0 
547 70 637 264 29 39 -1 -1 -1 0 
547 72 30 297 62 47 -1 -1 -1 0 
547 76 114 287 63 51 -1 -1 -1 0 
548 61 665 383 47 75 -1 -1 -1 0 
548 70 635 266 31 41 -1 -1 -1 0 
548 72 21 301 65 48 -1 -1 -1 0 
548 76 107 291 64 51 -1 -1 -1 0 
549 61 665 387 47 76 -1 -1 -1 0 
549 70 635 269 31 41 -1 -1 -1 0 
549 72 10 306 68 47 -1 -1 -1 0 
549 76 100 295 62 51 -1 -1 -1 0 
550 61 664 390 49 76 -1 -1 -1 0 
550 70 635 270 29 41 -1 -1 -1 0 
550 72 1 310 67 48 -1 -1 -1 0 
550 76 91 298 65 53 -1 -1 -1 0 
551 61 664 395 47 76 -1 -1 -1 0 
551 70 633 271 31 42 -1 -1 -1 0 
551 72 0 314 60 49 -1 -1 -1 0 
551 76 84 301 67 53 -1 -1 -1 0 
551 80 663 392 50 82 -1 -1 -1 0 
552 61 664 399 48 78 -1 -1 -1 0 
552 70 632 275 32 40 -1 -1 -1 0 
552 72 0 320 50 49 -1 -1 -1 0 
552 76 76 306 66 54 -1 -1 -1 0 
552 80 663 398 48 80 -1 -1 -1 0 
553 61 663 404 49 80 -1 -1 -1 0 
553 70 631 278 32 39 -1 -1 -1 0 
553 72 0 324 42 51 -1 -1 -1 0 
553 76 69 310 66 55 -1 -1 -1 0 
554 61 662 407 51 83 -1 -1 -1 0 
554 70 631 280 32 41 -1 -1 -1 0 
554 72 0 328 32 46 -1 -1 -1 0 
554 76 58 313 71 56 -1 -1 -1 0 
555 61 661 411 51 84 -1 -1 -1 0 
555 70 630 280 32 42 -1 -1 -1 0 
555 72 0 333 22 44 -1 -1 -1 0 
555 76 50 318 71 56 -1 -1 -1 0 
556 61 661 417 54 84 -1 -1 -1 0 
556 70 628 283 33 44 -1 -1 -1 0 
556 72 0 340 11 40 -1 -1 -1 0 
556 76 41 322 73 57 -1 -1 -1 0 
557 61 661 421 52 85 -1 -1 -1 0 
557 70 628 285 34 43 -1 -1 -1 0 
557 72 0 345 2 39 -1 -1 -1 0 
557 76 32 326 74 58 -1 -1 -1 0 
558 61 660 425 52 87 -1 -1 -1 0 
558 70 627 288 34 43 -1 -1 -1 0 
558 76 21 331 77 60 -1 -1 -1 0 
559 61 659 431 52 90 -1 -1 -1 0 
559 70 627 291 33 43 -1 -1 -1 0 
559 76 10 336 79 62 -1 -1 -1 0 
559 81 328 171 26 22 -1 -1 -1 0 
560 61 656 435 57 92 -1 -1 -1 0 
560 70 627 293 32 44 -1 -1 -1 0 
560 76 3 339 76 64 -1 -1 -1 0 
561 61 655 440 58 92 -1 -1 -1 0 
561 70 626 294 32 46 -1 -1 -1 0 
561 76 0 344 71 66 -1 -1 -1 0 
562 61 654 445 57 94 -1 -1 -1 0 
562 70 624 296 33 47 -1 -1 -1 0 
562 76 0 351 65 69 -1 -1 -1 0 
563 61 655 452 56 96 -1 -1 -1 0 
563 70 623 298 34 49 -1 -1 -1 0 
563 76 0 355 53 72 -1 -1 -1 0 
564 61 654 456 56 99 -1 -1 -1 0 
564 70 622 301 35 48 -1 -1 -1 0 
564 76 0 360 43 69 -1 -1 -1 0 
565 61 652 460 60 100 -1 -1 -1 0 
565 70 621 305 36 47 -1 -1 -1 0 
565 76 0 367 33 62 -1 -1 -1 0 
566 61 651 470 60 101 -1 -1 -1 0 
566 70 622 307 33 48 -1 -1 -1 0 
566 76 0 372 23 58 -1 -1 -1 0 
567 61 651 474 58 105 -1 -1 -1 0 
567 70 619 308 38 50 -1 -1 -1 0 
567 76 0 377 15 57 -1 -1 -1 0 
568 61 651 479 58 108 -1 -1 -1 0 
568 70 618 310 37 52 -1 -1 -1 0 
569 61 647 485 65 110 -1 -1 -1 0 
569 70 617 312 39 54 -1 -1 -1 0 
569 83 288 209 35 34 -1 -1 -1 0 
570 61 646 495 66 109 -1 -1 -1 0 
570 70 615 317 40 52 -1 -1 -1 0 
570 83 283 213 35 33 -1 -1 -1 0 
571 61 646 498 63 116 -1 -1 -1 0 
571 70 615 320 40 52 -1 -1 -1 0 
571 83 280 213 36 34 -1 -1 -1 0 
572 61 644 504 66 118 -1 -1 -1 0 
572 70 613 324 39 51 -1 -1 -1 0 
572 83 276 215 37 36 -1 -1 -1 0 
573 61 644 510 66 123 -1 -1 -1 0 
573 70 613 327 39 52 -1 -1 -1 0 
573 83 273 217 36 35 -1 -1 -1 0 
574 61 640 518 74 124 -1 -1 -1 0 
574 70 612 329 39 53 -1 -1 -1 0 
574 83 268 220 39 34 -1 -1 -1 0 
575 61 638 525 75 126 -1 -1 -1 0 
575 70 611 332 38 54 -1 -1 -1 0 
576 61 638 534 72 127 -1 -1 -1 0 
576 70 610 333 40 58 -1 -1 -1 0 
577 61 637 541 74 132 -1 -1 -1 0 
577 70 608 338 41 57 -1 -1 -1 0 
578 61 636 549 76 135 -1 -1 -1 0 
578 70 606 341 41 57 -1 -1 -1 0 
579 61 634 558 76 137 -1 -1 -1 0 
579 70 605 343 42 60 -1 -1 -1 0 
579 83 250 225 39 37 -1 -1 -1 0 
580 61 632 566 76 141 -1 -1 -1 0 
580 70 602 347 44 61 -1 -1 -1 0 
581 61 630 574 80 142 -1 -1 -1 0 
581 70 600 351 47 60 -1 -1 -1 0 
582 61 628 583 83 135 -1 -1 -1 0 
582 70 601 356 43 59 -1 -1 -1 0 
583 61 629 592 79 126 -1 -1 -1 0 
583 70 598 359 45 61 -1 -1 -1 0 
583 83 229 239 44 38 -1 -1 -1 0 
584 61 629 600 78 116 -1 -1 -1 0 
584 70 597 363 45 62 -1 -1 -1 0 
585 61 629 613 78 105 -1 -1 -1 0 
585 70 595 366 48 64 -1 -1 -1 0 
585 83 220 241 44 43 -1 -1 -1 0 
586 61 626 623 80 95 -1 -1 -1 0 
586 70 594 371 47 63 -1 -1 -1 0 
586 83 215 245 47 43 -1 -1 -1 0 
587 61 625 632 79 85 -1 -1 -1 0 
587 70 593 375 47 65 -1 -1 -1 0 
587 83 210 249 47 39 -1 -1 -1 0 
588 61 627 645 76 74 -1 -1 -1 0 
588 70 589 378 51 66 -1 -1 -1 0 
588 83 203 251 50 38 -1 -1 -1 0 
589 61 629 655 71 64 -1 -1 -1 0 
589 70 589 382 50 66 -1 -1 -1 0 
590 70 588 386 50 70 -1 -1 -1 0 
590 81 209 227 37 32 -1 -1 -1 0 
590 83 194 259 48 33 -1 -1 -1 0 
591 70 585 391 52 71 -1 -1 -1 0 
591 81 204 228 38 32 -1 -1 -1 0 
591 83 189 258 50 35 -1 -1 -1 0 
592 70 583 395 51 69 -1 -1 -1 0 
592 81 197 230 40 36 -1 -1 -1 0 
592 83 184 261 49 38 -1 -1 -1 0 
593 70 581 401 51 69 -1 -1 -1 0 
593 81 192 232 38 37 -1 -1 -1 0 
593 83 177 264 51 38 -1 -1 -1 0 
594 70 579 406 52 72 -1 -1 -1 0 
594 81 186 235 41 36 -1 -1 -1 0 
594 83 172 266 50 39 -1 -1 -1 0 
595 70 577 410 52 73 -1 -1 -1 0 
595 81 181 237 41 35 -1 -1 -1 0 
595 83 165 271 55 37 -1 -1 -1 0 
596 70 575 414 53 75 -1 -1 -1 0 
596 81 177 240 41 35 -1 -1 -1 0 
596 83 160 276 53 36 -1 -1 -1 0 
597 70 573 420 55 76 -1 -1 -1 0 
597 81 171 244 40 32 -1 -1 -1 0 
597 83 154 277 52 39 -1 -1 -1 0 
598 70 572 427 54 78 -1 -1 -1 0 
598 81 163 245 44 36 -1 -1 -1 0 
598 83 147 277 55 45 -1 -1 -1 0 
599 70 570 430 55 83 -1 -1 -1 0 
599 81 158 247 43 37 -1 -1 -1 0 
599 83 140 281 57 45 -1 -1 -1 0 
600 70 566 436 59 84 -1 -1 -1 0 
600 81 150 250 44 36 -1 -1 -1 0 
601 70 564 443 60 85 -1 -1 -1 0 
601 81 144 252 45 36 -1 -1 -1 0 
602 70 563 449 58 86 -1 -1 -1 0 
602 81 137 257 46 35 -1 -1 -1 0 
602 83 120 293 59 46 -1 -1 -1 0 
603 70 559 454 60 88 -1 -1 -1 0 
603 81 130 260 46 38 -1 -1 -1 0 
603 83 110 294 62 47 -1 -1 -1 0 
604 70 557 460 61 92 -1 -1 -1 0 
604 81 123 263 47 39 -1 -1 -1 0 
604 83 106 297 59 47 -1 -1 -1 0 
605 70 553 466 64 95 -1 -1 -1 0 
605 81 116 265 48 39 -1 -1 -1 0 
605 83 94 305 64 46 -1 -1 -1 0 
606 70 551 474 67 96 -1 -1 -1 0 
606 81 108 268 49 38 -1 -1 -1 0 
606 83 90 307 62 46 -1 -1 -1 0 
607 70 548 481 66 97 -1 -1 -1 0 
607 81 101 273 50 37 -1 -1 -1 0 
607 83 80 310 67 47 -1 -1 -1 0 
608 70 544 488 69 98 -1 -1 -1 0 
608 81 94 276 49 41 -1 -1 -1 0 
608 83 72 315 68 47 -1 -1 -1 0 
609 70 543 496 68 100 -1 -1 -1 0 
609 81 84 279 53 41 -1 -1 -1 0 
609 83 64 322 68 46 -1 -1 -1 0 
610 70 540 503 69 103 -1 -1 -1 0 
610 81 77 282 54 40 -1 -1 -1 0 
610 83 56 325 67 47 -1 -1 -1 0 
611 70 536 511 71 106 -1 -1 -1 0 
611 81 69 288 52 40 -1 -1 -1 0 
611 83 45 327 71 50 -1 -1 -1 0 
612 70 532 519 74 109 -1 -1 -1 0 
612 81 60 292 53 43 -1 -1 -1 0 
612 83 37 334 73 50 -1 -1 -1 0 
613 70 528 527 74 112 -1 -1 -1 0 
613 81 49 294 58 44 -1 -1 -1 0 
613 83 28 339 74 50 -1 -1 -1 0 
614 70 523 535 79 115 -1 -1 -1 0 
614 81 41 297 57 43 -1 -1 -1 0 
614 83 18 341 73 52 -1 -1 -1 0 
615 70 522 545 77 118 -1 -1 -1 0 
615 81 31 304 60 42 -1 -1 -1 0 
615 83 7 347 76 53 -1 -1 -1 0 
616 70 517 554 79 121 -1 -1 -1 0 
616 81 22 307 59 44 -1 -1 -1 0 
616 83 0 353 76 55 -1 -1 -1 0 
617 70 512 563 81 125 -1 -1 -1 0 
617 81 12 311 61 46 -1 -1 -1 0 
617 83 0 357 68 60 -1 -1 -1 0 
618 70 510 573 80 127 -1 -1 -1 0 
618 81 2 315 62 46 -1 -1 -1 0 
618 83 0 358 58 64 -1 -1 -1 0 
619 70 506 584 82 131 -1 -1 -1 0 
619 81 0 320 55 46 -1 -1 -1 0 
619 83 0 364 47 63 -1 -1 -1 0 
620 70 499 593 87 124 -1 -1 -1 0 
620 81 0 325 46 46 -1 -1 -1 0 
620 83 0 371 37 57 -1 -1 -1 0 
621 70 496 605 87 113 -1 -1 -1 0 
621 81 0 330 35 41 -1 -1 -1 0 
621 83 0 376 26 52 -1 -1 -1 0 
622 70 495 615 86 103 -1 -1 -1 0 
622 81 0 336 25 40 -1 -1 -1 0 
622 83 0 385 16 42 -1 -1 -1 0 
623 70 491 628 86 90 -1 -1 -1 0 
624 70 493 641 82 78 -1 -1 -1 0 
665 88 339 191 29 25 -1 -1 -1 0 
666 88 334 193 31 24 -1 -1 -1 0 
667 88 331 194 31 25 -1 -1 -1 0 
668 88 329 195 30 25 -1 -1 -1 0 
669 88 326 196 29 25 -1 -1 -1 0 
670 88 324 200 28 24 -1 -1 -1 0 
670 89 333 172 25 22 -1 -1 -1 0 
671 88 319 200 30 25 -1 -1 -1 0 
671 89 331 173 24 23 -1 -1 -1 0 
672 88 315 202 32 28 -1 -1 -1 0 
672 89 326 174 26 22 -1 -1 -1 0 
673 88 313 202 33 33 -1 -1 -1 0 
673 89 321 176 28 22 -1 -1 -1 0 
674 88 308 204 33 29 -1 -1 -1 0 
674 89 319 178 26 21 -1 -1 -1 0 
675 88 303 208 34 28 -1 -1 -1 0 
675 89 317 179 25 23 -1 -1 -1 0 
676 88 300 210 34 23 -1 -1 -1 0 
677 88 298 213 33 23 -1 -1 -1 0 
677 89 311 182 27 25 -1 -1 -1 0 
678 88 293 213 31 24 -1 -1 -1 0 
678 89 307 183 29 24 -1 -1 -1 0 
679 88 288 216 36 26 -1 -1 -1 0 
679 89 304 186 27 24 -1 -1 -1 0 
680 88 284 218 36 30 -1 -1 -1 0 
680 89 299 186 29 25 -1 -1 -1 0 
681 88 279 219 40 32 -1 -1 -1 0 
681 89 296 188 29 25 -1 -1 -1 0 
682 88 275 221 39 30 -1 -1 -1 0 
682 89 291 190 30 23 -1 -1 -1 0 
683 88 271 223 39 29 -1 -1 -1 0 
683 89 289 194 27 22 -1 -1 -1 0 
684 88 267 226 37 28 -1 -1 -1 0 
684 89 284 195 28 25 -1 -1 -1 0 
685 88 261 228 43 30 -1 -1 -1 0 
685 89 280 196 30 26 -1 -1 -1 0 
686 88 258 231 39 29 -1 -1 -1 0 
686 89 277 198 29 26 -1 -1 -1 0 
687 88 252 232 39 29 -1 -1 -1 0 
687 89 271 200 33 26 -1 -1 -1 0 
688 88 247 236 42 29 -1 -1 -1 0 
688 89 269 202 29 27 -1 -1 -1 0 
689 88 243 239 43 29 -1 -1 -1 0 
689 89 262 203 33 28 -1 -1 -1 0 
690 88 236 241 46 31 -1 -1 -1 0 
690 89 259 206 32 28 -1 -1 -1 0 
691 88 233 243 43 30 -1 -1 -1 0 
691 89 254 208 34 28 -1 -1 -1 0 
692 88 228 247 43 33 -1 -1 -1 0 
692 89 249 211 34 27 -1 -1 -1 0 
693 88 221 250 46 33 -1 -1 -1 0 
693 89 245 212 34 27 -1 -1 -1 0 
694 88 215 251 46 33 -1 -1 -1 0 
694 89 240 214 34 28 -1 -1 -1 0 
695 88 209 255 48 33 -1 -1 -1 0 
695 89 237 216 34 27 -1 -1 -1 0 
696 88 204 259 47 32 -1 -1 -1 0 
696 89 231 220 34 26 -1 -1 -1 0 
697 88 198 262 47 33 -1 -1 -1 0 
697 89 225 221 36 29 -1 -1 -1 0 
698 88 191 264 48 34 -1 -1 -1 0 
698 89 219 224 38 28 -1 -1 -1 0 
699 88 186 266 50 35 -1 -1 -1 0 
699 89 213 226 38 28 -1 -1 -1 0 
700 88 178 272 39 33 -1 -1 -1 0 
700 89 209 230 37 27 -1 -1 -1 0 
701 88 173 275 49 35 -1 -1 -1 0 
701 89 205 230 36 29 -1 -1 -1 0 
702 88 165 276 51 36 -1 -1 -1 0 
702 89 197 234 38 30 -1 -1 -1 0 
703 88 158 281 54 37 -1 -1 -1 0 
703 89 191 235 41 34 -1 -1 -1 0 
704 88 151 286 57 37 -1 -1 -1 0 
704 89 184 238 43 33 -1 -1 -1 0 
705 88 143 289 60 38 -1 -1 -1 0 
705 89 176 241 45 33 -1 -1 -1 0 
706 88 135 294 59 39 -1 -1 -1 0 
706 89 172 244 43 32 -1 -1 -1 0 
707 88 127 296 65 41 -1 -1 -1 0 
707 89 166 247 43 33 -1 -1 -1 0 
708 88 119 300 65 41 -1 -1 -1 0 
708 89 158 249 44 34 -1 -1 -1 0 
709 88 110 305 65 40 -1 -1 -1 0 
709 89 153 251 43 34 -1 -1 -1 0 
710 88 101 309 70 41 -1 -1 -1 0 
710 89 143 256 48 33 -1 -1 -1 0 
711 88 94 313 65 41 -1 -1 -1 0 
711 89 139 261 44 32 -1 -1 -1 0 
712 88 84 317 69 44 -1 -1 -1 0 
712 89 129 264 48 33 -1 -1 -1 0 
713 88 74 322 70 44 -1 -1 -1 0 
713 89 122 265 49 35 -1 -1 -1 0 
714 88 65 327 70 44 -1 -1 -1 0 
714 89 114 269 52 36 -1 -1 -1 0 
715 88 55 332 71 47 -1 -1 -1 0 
715 89 106 273 51 36 -1 -1 -1 0 
716 88 43 338 76 46 -1 -1 -1 0 
716 89 97 278 51 36 -1 -1 -1 0 
717 88 35 343 74 45 -1 -1 -1 0 
717 89 91 280 51 37 -1 -1 -1 0 
718 88 22 349 78 47 -1 -1 -1 0 
718 89 79 283 58 39 -1 -1 -1 0 
719 88 10 355 82 48 -1 -1 -1 0 
719 89 71 290 55 39 -1 -1 -1 0 
720 88 0 359 81 52 -1 -1 -1 0 
720 89 61 293 59 41 -1 -1 -1 0 
721 88 0 366 74 54 -1 -1 -1 0 
721 89 52 296 59 40 -1 -1 -1 0 
722 88 0 372 65 55 -1 -1 -1 0 
722 89 41 299 61 43 -1 -1 -1 0 
722 90 428 146 16 14 -1 -1 -1 0 
723 88 0 376 50 55 -1 -1 -1 0 
723 89 31 305 61 43 -1 -1 -1 0 
723 90 426 146 17 15 -1 -1 -1 0 
724 88 0 384 38 48 -1 -1 -1 0 
724 89 22 311 61 42 -1 -1 -1 0 
724 90 424 146 18 17 -1 -1 -1 0 
725 88 0 384 27 47 -1 -1 -1 0 
725 89 9 315 66 44 -1 -1 -1 0 
725 90 422 146 19 19 -1 -1 -1 0 
726 88 0 389 18 46 -1 -1 -1 0 
726 89 0 320 65 44 -1 -1 -1 0 
727 89 0 325 55 43 -1 -1 -1 0 
727 90 418 147 22 20 -1 -1 -1 0 
728 89 0 329 44 45 -1 -1 -1 0 
728 90 417 149 21 19 -1 -1 -1 0 
729 89 0 336 33 42 -1 -1 -1 0 
729 90 415 149 23 20 -1 -1 -1 0 
730 89 0 342 22 48 -1 -1 -1 0 
730 90 413 151 23 19 -1 -1 -1 0 
731 89 0 346 13 50 -1 -1 -1 0 
732 90 410 152 23 20 -1 -1 -1 0 
733 90 408 154 23 19 -1 -1 -1 0 
734 90 407 156 21 18 -1 -1 -1 0 
735 90 404 156 24 19 -1 -1 -1 0 
737 90 402 157 21 19 -1 -1 -1 0 
738 90 401 157 21 21 -1 -1 -1 0 
739 90 396 158 26 21 -1 -1 -1 0 
739 93 747 136 148 574 -1 -1 -1 0 
740 90 395 159 24 20 -1 -1 -1 0 
740 93 747 137 149 572 -1 -1 -1 0 
741 90 393 161 24 22 -1 -1 -1 0 
741 93 746 140 150 569 -1 -1 -1 0 
742 90 391 162 24 23 -1 -1 -1 0 
742 93 749 136 146 573 -1 -1 -1 0 
743 90 388 162 26 24 -1 -1 -1 0 
743 93 750 134 145 576 -1 -1 -1 0 
744 90 387 163 25 23 -1 -1 -1 0 
744 93 749 135 146 574 -1 -1 -1 0 
745 90 383 163 28 24 -1 -1 -1 0 
745 93 747 135 148 574 -1 -1 -1 0 
746 90 384 165 25 23 -1 -1 -1 0 
746 93 747 136 147 573 -1 -1 -1 0 
747 90 380 166 28 24 -1 -1 -1 0 
747 93 749 134 145 576 -1 -1 -1 0 
748 90 379 166 27 24 -1 -1 -1 0 
748 93 750 133 144 577 -1 -1 -1 0 
749 90 376 168 28 22 -1 -1 -1 0 
749 93 750 132 145 578 -1 -1 -1 0 
750 90 376 169 25 22 -1 -1 -1 0 
750 93 750 132 144 579 -1 -1 -1 0 
751 90 373 171 25 21 -1 -1 -1 0 
751 93 750 132 145 579 -1 -1 -1 0 
752 90 370 171 26 23 -1 -1 -1 0 
752 93 751 132 143 579 -1 -1 -1 0 
753 90 369 172 25 23 -1 -1 -1 0 
753 93 751 131 143 579 -1 -1 -1 0 
754 90 365 174 26 23 -1 -1 -1 0 
754 93 752 131 142 578 -1 -1 -1 0 
755 90 362 174 28 24 -1 -1 -1 0 
755 93 752 131 140 577 -1 -1 -1 0 
756 90 361 176 26 24 -1 -1 -1 0 
756 93 751 131 141 577 -1 -1 -1 0 
757 90 359 177 27 24 -1 -1 -1 0 
757 93 752 130 140 578 -1 -1 -1 0 
758 90 357 178 26 23 -1 -1 -1 0 
758 93 752 130 140 578 -1 -1 -1 0 
759 90 352 178 31 25 -1 -1 -1 0 
759 93 752 129 140 580 -1 -1 -1 0 
760 90 351 181 28 24 -1 -1 -1 0 
760 93 752 129 140 581 -1 -1 -1 0 
761 90 348 181 30 26 -1 -1 -1 0 
761 93 747 128 146 582 -1 -1 -1 0 
762 90 346 181 30 26 -1 -1 -1 0 
762 93 747 129 145 581 -1 -1 -1 0 
763 90 343 182 29 25 -1 -1 -1 0 
763 93 747 129 146 582 -1 -1 -1 0 
764 90 341 185 29 25 -1 -1 -1 0 
764 93 747 128 146 583 -1 -1 -1 0 
765 90 338 186 28 25 -1 -1 -1 0 
765 93 748 130 145 580 -1 -1 -1 0 
765 95 687 163 19 14 -1 -1 -1 0 
766 90 336 187 28 27 -1 -1 -1 0 
766 93 749 130 143 581 -1 -1 -1 0 
766 95 686 163 20 16 -1 -1 -1 0 
767 90 333 189 29 27 -1 -1 -1 0 
767 93 749 130 144 581 -1 -1 -1 0 
767 95 686 164 20 15 -1 -1 -1 0 
768 90 329 192 31 25 -1 -1 -1 0 
768 93 749 130 143 580 -1 -1 -1 0 
768 95 687 165 18 14 -1 -1 -1 0 
769 90 327 193 30 25 -1 -1 -1 0 
769 93 749 130 144 579 -1 -1 -1 0 
769 95 687 165 18 15 -1 -1 -1 0 
770 90 325 193 29 26 -1 -1 -1 0 
770 93 748 130 145 579 -1 -1 -1 0 
770 95 687 165 18 16 -1 -1 -1 0 
771 90 320 194 31 27 -1 -1 -1 0 
771 93 747 130 147 580 -1 -1 -1 0 
771 95 687 165 19 17 -1 -1 -1 0 
772 90 318 196 31 26 -1 -1 -1 0 
772 93 747 130 146 579 -1 -1 -1 0 
772 95 687 165 18 18 -1 -1 -1 0 
773 90 315 197 31 26 -1 -1 -1 0 
773 93 747 130 145 580 -1 -1 -1 0 
774 90 311 198 34 26 -1 -1 -1 0 
774 93 747 130 145 580 -1 -1 -1 0 
775 90 309 200 33 26 -1 -1 -1 0 
775 93 746 130 145 581 -1 -1 -1 0 
776 90 307 202 31 26 -1 -1 -1 0 
776 93 745 130 146 581 -1 -1 -1 0 
776 95 686 167 21 19 -1 -1 -1 0 
777 90 303 204 32 28 -1 -1 -1 0 
777 93 748 128 141 583 -1 -1 -1 0 
777 95 686 168 19 18 -1 -1 -1 0 
778 90 300 205 32 29 -1 -1 -1 0 
778 93 748 127 141 584 -1 -1 -1 0 
778 95 685 168 21 19 -1 -1 -1 0 
779 90 296 207 34 29 -1 -1 -1 0 
779 93 747 129 143 582 -1 -1 -1 0 
779 95 686 169 20 18 -1 -1 -1 0 
780 90 293 208 33 28 -1 -1 -1 0 
780 93 747 128 142 584 -1 -1 -1 0 
780 95 685 170 21 17 -1 -1 -1 0 
781 90 290 209 34 28 -1 -1 -1 0 
781 93 748 126 141 586 -1 -1 -1 0 
781 95 685 172 21 15 -1 -1 -1 0 
782 90 287 211 34 27 -1 -1 -1 0 
782 93 748 125 142 588 -1 -1 -1 0 
782 95 686 174 17 13 -1 -1 -1 0 
783 90 284 212 33 29 -1 -1 -1 0 
783 93 747 124 142 589 -1 -1 -1 0 
783 95 685 173 18 15 -1 -1 -1 0 
784 90 280 215 34 28 -1 -1 -1 0 
784 93 746 124 143 589 -1 -1 -1 0 
784 95 685 174 18 15 -1 -1 -1 0 
785 90 277 216 33 31 -1 -1 -1 0 
785 93 745 123 144 590 -1 -1 -1 0 
785 95 684 174 20 17 -1 -1 -1 0 
786 90 272 217 36 33 -1 -1 -1 0 
786 93 743 123 147 589 -1 -1 -1 0 
786 95 685 176 18 16 -1 -1 -1 0 
786 97 1201 411 78 155 -1 -1 -1 0 
787 90 268 219 38 32 -1 -1 -1 0 
787 93 741 120 149 592 -1 -1 -1 0 
787 95 685 177 18 17 -1 -1 -1 0 
788 90 264 220 38 31 -1 -1 -1 0 
788 93 736 119 155 593 -1 -1 -1 0 
788 95 684 177 19 19 -1 -1 -1 0 
789 90 260 221 37 32 -1 -1 -1 0 
789 93 735 119 156 593 -1 -1 -1 0 
790 90 256 223 38 33 -1 -1 -1 0 
790 95 683 178 21 19 -1 -1 -1 0 
791 90 253 226 38 32 -1 -1 -1 0 
791 95 683 181 20 16 -1 -1 -1 0 
792 90 248 227 40 32 -1 -1 -1 0 
792 95 683 182 19 15 -1 -1 -1 0 
793 90 245 230 38 34 -1 -1 -1 0 
793 95 683 183 19 16 -1 -1 -1 0 
794 90 240 231 41 36 -1 -1 -1 0 
794 95 683 183 19 16 -1 -1 -1 0 
795 90 235 234 41 34 -1 -1 -1 0 
795 95 683 182 19 18 -1 -1 -1 0 
796 90 230 236 43 33 -1 -1 -1 0 
796 95 683 182 19 19 -1 -1 -1 0 
797 90 228 238 39 32 -1 -1 -1 0 
797 95 682 181 21 21 -1 -1 -1 0 
798 90 223 239 41 34 -1 -1 -1 0 
798 95 683 182 19 21 -1 -1 -1 0 
799 90 220 243 40 37 -1 -1 -1 0 
799 95 682 183 21 20 -1 -1 -1 0 
799 98 60 217 60 37 -1 -1 -1 0 
800 90 213 244 43 39 -1 -1 -1 0 
800 95 682 184 21 20 -1 -1 -1 0 
800 98 63 213 62 38 -1 -1 -1 0 
801 90 207 246 46 39 -1 -1 -1 0 
801 95 681 185 21 20 -1 -1 -1 0 
801 98 70 211 58 40 -1 -1 -1 0 
802 90 204 248 44 36 -1 -1 -1 0 
802 95 680 186 22 20 -1 -1 -1 0 
802 98 76 209 59 41 -1 -1 -1 0 
803 90 197 250 46 36 -1 -1 -1 0 
803 93 739 122 148 587 -1 -1 -1 0 
803 95 680 187 21 20 -1 -1 -1 0 
803 98 80 207 58 41 -1 -1 -1 0 
804 90 192 252 47 34 -1 -1 -1 0 
804 93 741 123 146 586 -1 -1 -1 0 
804 95 679 188 23 20 -1 -1 -1 0 
804 98 85 205 58 42 -1 -1 -1 0 
805 90 188 255 46 35 -1 -1 -1 0 
805 93 741 124 146 585 -1 -1 -1 0 
805 95 680 189 20 20 -1 -1 -1 0 
805 98 90 202 59 43 -1 -1 -1 0 
806 90 182 259 47 37 -1 -1 -1 0 
806 93 739 125 148 584 -1 -1 -1 0 
806 95 678 190 23 22 -1 -1 -1 0 
806 98 98 200 56 41 -1 -1 -1 0 
807 90 177 260 46 38 -1 -1 -1 0 
807 93 737 127 151 581 -1 -1 -1 0 
807 95 679 191 21 21 -1 -1 -1 0 
808 90 171 261 49 39 -1 -1 -1 0 
808 93 737 128 150 580 -1 -1 -1 0 
808 95 678 191 22 23 -1 -1 -1 0 
809 90 165 265 50 38 -1 -1 -1 0 
809 93 738 130 149 577 -1 -1 -1 0 
809 95 679 192 20 23 -1 -1 -1 0 
810 90 160 268 50 37 -1 -1 -1 0 
810 93 740 132 147 576 -1 -1 -1 0 
810 95 678 193 21 23 -1 -1 -1 0 
811 90 156 270 48 40 -1 -1 -1 0 
811 93 741 133 146 575 -1 -1 -1 0 
812 90 148 274 52 39 -1 -1 -1 0 
812 95 677 195 22 22 -1 -1 -1 0 
813 90 141 277 54 39 -1 -1 -1 0 
813 93 739 129 147 579 -1 -1 -1 0 
813 95 677 196 22 22 -1 -1 -1 0 
814 90 138 279 49 38 -1 -1 -1 0 
814 93 739 129 146 578 -1 -1 -1 0 
815 90 129 283 54 39 -1 -1 -1 0 
815 93 738 128 148 579 -1 -1 -1 0 
815 95 677 198 21 21 -1 -1 -1 0 
816 90 124 284 53 48 -1 -1 -1 0 
816 93 736 127 151 580 -1 -1 -1 0 
816 95 677 199 20 21 -1 -1 -1 0 
817 90 115 287 58 50 -1 -1 -1 0 
817 93 735 125 154 582 -1 -1 -1 0 
817 95 677 201 20 19 -1 -1 -1 0 
818 90 109 292 57 45 -1 -1 -1 0 
818 93 734 125 156 581 -1 -1 -1 0 
819 90 104 294 56 44 -1 -1 -1 0 
819 95 676 202 21 21 -1 -1 -1 0 
820 90 94 298 60 45 -1 -1 -1 0 
820 95 676 202 21 22 -1 -1 -1 0 
821 90 87 300 59 46 -1 -1 -1 0 
821 95 675 202 23 24 -1 -1 -1 0 
822 90 79 304 61 48 -1 -1 -1 0 
822 95 676 203 20 24 -1 -1 -1 0 
823 90 74 307 61 48 -1 -1 -1 0 
823 95 675 204 21 25 -1 -1 -1 0 
824 90 64 311 64 48 -1 -1 -1 0 
824 95 673 204 24 27 -1 -1 -1 0 
825 90 57 315 64 48 -1 -1 -1 0 
825 95 673 205 24 27 -1 -1 -1 0 
826 90 48 318 68 49 -1 -1 -1 0 
826 95 673 207 23 26 -1 -1 -1 0 
827 90 40 323 67 49 -1 -1 -1 0 
827 95 673 208 23 25 -1 -1 -1 0 
828 90 32 327 67 50 -1 -1 -1 0 
828 95 672 210 23 24 -1 -1 -1 0 
829 90 23 331 67 51 -1 -1 -1 0 
829 95 672 211 22 23 -1 -1 -1 0 
830 90 12 336 72 51 -1 -1 -1 0 
830 95 671 212 23 24 -1 -1 -1 0 
831 90 5 340 69 52 -1 -1 -1 0 
831 95 671 211 23 26 -1 -1 -1 0 
832 90 0 343 66 54 -1 -1 -1 0 
832 95 670 212 25 28 -1 -1 -1 0 
833 90 0 348 57 54 -1 -1 -1 0 
833 95 669 213 26 28 -1 -1 -1 0 
834 90 0 354 50 58 -1 -1 -1 0 
834 95 670 215 24 27 -1 -1 -1 0 
835 90 0 358 41 59 -1 -1 -1 0 
835 95 668 216 26 27 -1 -1 -1 0 
836 90 0 363 30 58 -1 -1 -1 0 
836 95 669 217 23 26 -1 -1 -1 0 
837 90 0 367 21 44 -1 -1 -1 0 
837 95 668 218 24 27 -1 -1 -1 0 
838 90 0 373 9 44 -1 -1 -1 0 
838 95 666 220 27 28 -1 -1 -1 0 
839 90 0 377 1 44 -1 -1 -1 0 
840 95 664 221 29 29 -1 -1 -1 0 
841 95 664 223 27 28 -1 -1 -1 0 
842 95 663 224 29 29 -1 -1 -1 0 
843 95 664 226 26 28 -1 -1 -1 0 
844 95 663 227 27 29 -1 -1 -1 0 
845 95 663 229 26 28 -1 -1 -1 0 
846 95 661 229 29 30 -1 -1 -1 0 
847 93 733 124 148 583 -1 -1 -1 0 
847 95 662 231 27 29 -1 -1 -1 0 
848 93 733 124 146 585 -1 -1 -1 0 
848 95 659 232 30 31 -1 -1 -1 0 
849 93 732 124 146 585 -1 -1 -1 0 
850 93 728 126 149 583 -1 -1 -1 0 
850 95 660 235 27 32 -1 -1 -1 0 
851 93 727 127 149 582 -1 -1 -1 0 
852 95 659 237 27 31 -1 -1 -1 0 
853 95 658 239 29 30 -1 -1 -1 0 
854 95 657 242 30 29 -1 -1 -1 0 
855 95 657 245 29 27 -1 -1 -1 0 
856 95 656 245 29 29 -1 -1 -1 0 
857 95 656 246 28 31 -1 -1 -1 0 
858 95 654 246 31 33 -1 -1 -1 0 
859 95 655 248 28 33 -1 -1 -1 0 
860 95 654 249 29 34 -1 -1 -1 0 
861 95 654 250 28 34 -1 -1 -1 0 
862 95 652 252 31 34 -1 -1 -1 0 
863 95 650 254 33 34 -1 -1 -1 0 
863 106 282 209 44 38 -1 -1 -1 0 
864 95 650 256 32 33 -1 -1 -1 0 
864 106 279 211 43 36 -1 -1 -1 0 
865 95 651 258 30 33 -1 -1 -1 0 
865 106 277 211 43 37 -1 -1 -1 0 
866 95 650 259 30 34 -1 -1 -1 0 
866 106 275 212 42 39 -1 -1 -1 0 
867 95 649 260 31 36 -1 -1 -1 0 
867 106 272 212 43 41 -1 -1 -1 0 
867 107 710 292 11 30 -1 -1 -1 0 
868 95 648 262 33 37 -1 -1 -1 0 
868 107 710 296 11 30 -1 -1 -1 0 
868 108 688 300 11 30 -1 -1 -1 0 
869 95 649 264 31 36 -1 -1 -1 0 
869 107 711 299 10 30 -1 -1 -1 0 
870 95 648 265 31 36 -1 -1 -1 0 
870 107 710 302 12 29 -1 -1 -1 0 
870 108 677 235 13 27 -1 -1 -1 0 
871 95 649 267 31 37 -1 -1 -1 0 
871 107 710 307 10 28 -1 -1 -1 0 
871 108 675 223 12 26 -1 -1 -1 0 
872 95 647 268 33 39 -1 -1 -1 0 
872 107 711 308 9 30 -1 -1 -1 0 
873 95 646 270 33 41 -1 -1 -1 0 
873 107 710 311 12 31 -1 -1 -1 0 
874 95 645 271 34 42 -1 -1 -1 0 
874 106 250 223 49 42 -1 -1 -1 0 
874 107 710 315 12 31 -1 -1 -1 0 
874 108 711 251 9 26 -1 -1 -1 0 
875 95 644 273 35 41 -1 -1 -1 0 
875 106 247 225 49 41 -1 -1 -1 0 
875 107 711 319 9 31 -1 -1 -1 0 
875 108 711 252 9 26 -1 -1 -1 0 
875 113 684 321 14 35 -1 -1 -1 0 
876 95 644 276 34 41 -1 -1 -1 0 
876 106 243 226 51 41 -1 -1 -1 0 
876 107 711 323 11 32 -1 -1 -1 0 
876 108 710 252 9 28 -1 -1 -1 0 
876 113 685 324 11 34 -1 -1 -1 0 
877 95 644 278 35 41 -1 -1 -1 0 
877 106 242 228 48 40 -1 -1 -1 0 
877 107 711 325 12 33 -1 -1 -1 0 
877 108 677 247 13 29 -1 -1 -1 0 
877 113 683 327 14 35 -1 -1 -1 0 
878 95 644 280 34 41 -1 -1 -1 0 
878 106 239 229 49 41 -1 -1 -1 0 
878 107 711 330 11 33 -1 -1 -1 0 
878 108 710 255 9 29 -1 -1 -1 0 
878 113 684 331 12 36 -1 -1 -1 0 
879 95 642 281 35 43 -1 -1 -1 0 
879 107 710 335 11 34 -1 -1 -1 0 
879 108 712 254 10 30 -1 -1 -1 0 
880 95 641 282 37 45 -1 -1 -1 0 
880 106 233 229 49 44 -1 -1 -1 0 
880 107 709 338 14 36 -1 -1 -1 0 
880 113 682 338 15 37 -1 -1 -1 0 
881 95 641 286 36 44 -1 -1 -1 0 
881 106 229 230 52 46 -1 -1 -1 0 
881 107 709 343 15 36 -1 -1 -1 0 
881 108 708 258 10 30 -1 -1 -1 0 
882 95 640 289 35 43 -1 -1 -1 0 
882 106 227 232 50 46 -1 -1 -1 0 
882 107 710 347 12 36 -1 -1 -1 0 
882 108 707 259 12 30 -1 -1 -1 0 
882 113 682 346 13 38 -1 -1 -1 0 
883 95 640 290 36 45 -1 -1 -1 0 
883 106 222 233 51 47 -1 -1 -1 0 
883 107 709 352 15 35 -1 -1 -1 0 
883 108 678 259 12 30 -1 -1 -1 0 
883 113 681 349 14 39 -1 -1 -1 0 
884 95 639 292 37 46 -1 -1 -1 0 
884 106 219 235 51 48 -1 -1 -1 0 
884 107 710 357 13 35 -1 -1 -1 0 
884 108 677 263 13 29 -1 -1 -1 0 
884 113 681 354 15 38 -1 -1 -1 0 
885 95 638 294 38 47 -1 -1 -1 0 
885 106 215 237 53 48 -1 -1 -1 0 
885 107 710 362 13 38 -1 -1 -1 0 
885 108 678 266 11 28 -1 -1 -1 0 
885 113 681 360 14 38 -1 -1 -1 0 
886 95 637 296 37 48 -1 -1 -1 0 
886 106 212 239 53 47 -1 -1 -1 0 
886 107 709 367 16 38 -1 -1 -1 0 
886 108 677 267 13 29 -1 -1 -1 0 
886 113 680 364 16 39 -1 -1 -1 0 
886 120 707 267 11 28 -1 -1 -1 0 
887 95 637 298 38 50 -1 -1 -1 0 
887 107 710 373 14 37 -1 -1 -1 0 
887 108 677 270 13 28 -1 -1 -1 0 
887 113 680 368 14 40 -1 -1 -1 0 
887 120 706 268 12 30 -1 -1 -1 0 
887 121 317 167 28 27 -1 -1 -1 0 
888 95 636 301 39 50 -1 -1 -1 0 
888 106 206 243 54 46 -1 -1 -1 0 
888 107 710 378 14 39 -1 -1 -1 0 
888 108 676 272 12 28 -1 -1 -1 0 
888 113 680 372 14 42 -1 -1 -1 0 
888 120 706 271 11 29 -1 -1 -1 0 
889 95 635 303 40 49 -1 -1 -1 0 
889 106 203 245 54 45 -1 -1 -1 0 
889 107 709 382 17 41 -1 -1 -1 0 
889 113 679 377 16 40 -1 -1 -1 0 
890 95 636 305 37 50 -1 -1 -1 0 
890 106 199 246 54 48 -1 -1 -1 0 
890 107 710 389 15 40 -1 -1 -1 0 
890 108 677 277 13 31 -1 -1 -1 0 
890 113 679 382 16 39 -1 -1 -1 0 
891 95 634 307 40 52 -1 -1 -1 0 
891 106 195 247 56 50 -1 -1 -1 0 
891 107 710 394 15 43 -1 -1 -1 0 
891 108 676 280 15 33 -1 -1 -1 0 
891 113 678 387 17 39 -1 -1 -1 0 
891 122 583 344 13 35 -1 -1 -1 0 
892 95 634 309 39 53 -1 -1 -1 0 
892 106 191 249 54 49 -1 -1 -1 0 
892 107 709 400 18 42 -1 -1 -1 0 
892 108 676 282 15 31 -1 -1 -1 0 
892 113 680 392 13 41 -1 -1 -1 0 
892 121 303 172 31 30 -1 -1 -1 0 
892 122 580 348 15 37 -1 -1 -1 0 
893 95 633 315 40 50 -1 -1 -1 0 
893 106 187 250 55 50 -1 -1 -1 0 
893 107 709 405 18 42 -1 -1 -1 0 
893 108 678 286 13 30 -1 -1 -1 0 
893 113 678 396 13 42 -1 -1 -1 0 
893 120 704 280 14 31 -1 -1 -1 0 
894 95 633 317 38 51 -1 -1 -1 0 
894 108 677 287 14 32 -1 -1 -1 0 
894 113 677 402 17 42 -1 -1 -1 0 
894 120 705 282 12 30 -1 -1 -1 0 
894 121 299 172 35 32 -1 -1 -1 0 
895 95 631 320 41 53 -1 -1 -1 0 
895 106 180 254 59 50 -1 -1 -1 0 
895 107 708 420 19 44 -1 -1 -1 0 
895 113 678 408 15 42 -1 -1 -1 0 
895 120 704 282 14 32 -1 -1 -1 0 
896 95 632 322 40 54 -1 -1 -1 0 
896 106 174 258 61 48 -1 -1 -1 0 
896 107 708 426 19 43 -1 -1 -1 0 
896 108 677 293 14 33 -1 -1 -1 0 
896 113 678 413 14 41 -1 -1 -1 0 
897 95 631 324 40 55 -1 -1 -1 0 
897 106 170 260 61 47 -1 -1 -1 0 
897 108 676 296 16 34 -1 -1 -1 0 
897 120 704 285 13 32 -1 -1 -1 0 
898 95 629 327 42 56 -1 -1 -1 0 
898 106 168 261 60 49 -1 -1 -1 0 
898 108 677 299 15 34 -1 -1 -1 0 
898 121 288 179 28 29 -1 -1 -1 0 
899 95 627 329 44 58 -1 -1 -1 0 
899 106 163 263 61 50 -1 -1 -1 0 
899 108 678 302 13 33 -1 -1 -1 0 
899 113 676 433 16 44 -1 -1 -1 0 
899 121 284 179 30 30 -1 -1 -1 0 
899 122 565 385 16 39 -1 -1 -1 0 
900 95 628 333 42 58 -1 -1 -1 0 
900 106 158 264 63 51 -1 -1 -1 0 
900 108 677 304 15 35 -1 -1 -1 0 
900 113 675 438 17 48 -1 -1 -1 0 
900 121 282 180 31 30 -1 -1 -1 0 
900 122 562 391 18 40 -1 -1 -1 0 
901 95 627 336 43 59 -1 -1 -1 0 
901 106 154 264 62 53 -1 -1 -1 0 
901 108 678 308 13 35 -1 -1 -1 0 
901 113 675 448 18 46 -1 -1 -1 0 
901 120 702 293 14 34 -1 -1 -1 0 
901 121 280 179 31 31 -1 -1 -1 0 
901 122 561 395 17 43 -1 -1 -1 0 
902 95 626 339 45 60 -1 -1 -1 0 
902 106 149 265 65 54 -1 -1 -1 0 
902 108 676 311 16 36 -1 -1 -1 0 
902 113 674 452 19 47 -1 -1 -1 0 
902 120 702 295 15 34 -1 -1 -1 0 
902 121 275 180 35 32 -1 -1 -1 0 
902 122 558 402 18 42 -1 -1 -1 0 
903 95 624 342 46 62 -1 -1 -1 0 
903 106 148 268 61 53 -1 -1 -1 0 
903 108 677 315 15 35 -1 -1 -1 0 
903 113 674 458 18 47 -1 -1 -1 0 
904 95 624 345 45 62 -1 -1 -1 0 
904 106 142 270 64 55 -1 -1 -1 0 
904 108 677 318 14 35 -1 -1 -1 0 
904 113 675 468 17 47 -1 -1 -1 0 
904 120 703 300 12 33 -1 -1 -1 0 
905 95 621 351 48 60 -1 -1 -1 0 
905 106 138 273 64 56 -1 -1 -1 0 
905 113 674 473 18 49 -1 -1 -1 0 
905 120 702 301 13 35 -1 -1 -1 0 
906 95 622 353 46 62 -1 -1 -1 0 
906 106 133 274 67 58 -1 -1 -1 0 
906 108 677 327 15 34 -1 -1 -1 0 
906 113 673 483 19 50 -1 -1 -1 0 
906 120 701 304 14 34 -1 -1 -1 0 
906 121 266 186 32 34 -1 -1 -1 0 
906 122 547 427 19 46 -1 -1 -1 0 
907 95 621 355 47 64 -1 -1 -1 0 
907 106 127 276 69 57 -1 -1 -1 0 
907 108 676 330 17 35 -1 -1 -1 0 
907 113 672 490 19 49 -1 -1 -1 0 
908 95 620 361 46 63 -1 -1 -1 0 
908 106 123 278 69 56 -1 -1 -1 0 
908 113 672 497 20 49 -1 -1 -1 0 
908 120 701 309 14 35 -1 -1 -1 0 
908 121 258 189 32 34 -1 -1 -1 0 
909 95 620 364 47 65 -1 -1 -1 0 
909 106 119 280 67 57 -1 -1 -1 0 
909 113 673 513 17 48 -1 -1 -1 0 
909 120 700 311 15 34 -1 -1 -1 0 
909 121 256 190 32 34 -1 -1 -1 0 
910 95 620 368 45 66 -1 -1 -1 0 
910 106 112 283 71 59 -1 -1 -1 0 
910 113 672 520 18 49 -1 -1 -1 0 
910 120 701 314 13 33 -1 -1 -1 0 
910 121 252 193 33 32 -1 -1 -1 0 
911 95 617 371 49 68 -1 -1 -1 0 
911 106 108 286 71 58 -1 -1 -1 0 
911 120 701 315 13 35 -1 -1 -1 0 
911 121 249 195 33 31 -1 -1 -1 0 
912 95 618 376 46 68 -1 -1 -1 0 
912 106 105 289 70 58 -1 -1 -1 0 
912 120 700 317 14 36 -1 -1 -1 0 
912 126 709 587 24 64 -1 -1 -1 0 
913 95 617 379 49 69 -1 -1 -1 0 
913 106 98 291 73 59 -1 -1 -1 0 
913 120 699 320 14 36 -1 -1 -1 0 
913 126 709 596 25 65 -1 -1 -1 0 
914 95 614 383 51 71 -1 -1 -1 0 
914 106 95 293 71 58 -1 -1 -1 0 
914 113 671 558 21 60 -1 -1 -1 0 
914 120 699 321 15 37 -1 -1 -1 0 
914 126 709 616 25 67 -1 -1 -1 0 
914 129 0 218 26 34 -1 -1 -1 0 
915 95 613 387 51 72 -1 -1 -1 0 
915 106 88 296 74 59 -1 -1 -1 0 
915 113 670 566 23 62 -1 -1 -1 0 
915 120 698 325 16 36 -1 -1 -1 0 
916 95 612 392 51 73 -1 -1 -1 0 
916 106 84 298 73 61 -1 -1 -1 0 
916 108 677 366 16 43 -1 -1 -1 0 
916 120 699 329 14 35 -1 -1 -1 0 
917 95 610 395 52 75 -1 -1 -1 0 
917 106 78 300 74 63 -1 -1 -1 0 
917 108 677 370 18 44 -1 -1 -1 0 
917 120 698 330 14 39 -1 -1 -1 0 
917 121 230 200 33 36 -1 -1 -1 0 
918 95 608 399 54 78 -1 -1 -1 0 
918 106 72 303 77 63 -1 -1 -1 0 
918 108 677 374 18 44 -1 -1 -1 0 
918 120 697 332 15 40 -1 -1 -1 0 
919 95 606 406 57 77 -1 -1 -1 0 
919 106 66 305 78 62 -1 -1 -1 0 
919 121 222 205 33 34 -1 -1 -1 0 
920 95 605 411 57 79 -1 -1 -1 0 
920 106 61 309 78 61 -1 -1 -1 0 
920 120 696 337 16 40 -1 -1 -1 0 
920 121 218 206 37 35 -1 -1 -1 0 
921 95 603 415 58 82 -1 -1 -1 0 
921 106 55 312 80 63 -1 -1 -1 0 
921 120 696 340 15 39 -1 -1 -1 0 
922 95 602 420 59 82 -1 -1 -1 0 
922 106 45 314 85 64 -1 -1 -1 0 
922 120 695 344 17 40 -1 -1 -1 0 
922 121 210 205 42 42 -1 -1 -1 0 
923 95 602 427 56 82 -1 -1 -1 0 
923 106 40 316 84 65 -1 -1 -1 0 
923 120 695 347 18 40 -1 -1 -1 0 
923 121 206 206 44 43 -1 -1 -1 0 
924 95 598 431 59 87 -1 -1 -1 0 
924 106 35 318 83 67 -1 -1 -1 0 
924 120 695 350 15 39 -1 -1 -1 0 
925 95 597 436 62 89 -1 -1 -1 0 
925 106 30 319 84 71 -1 -1 -1 0 
925 120 695 353 16 40 -1 -1 -1 0 
925 121 199 213 42 40 -1 -1 -1 0 
926 95 597 442 62 89 -1 -1 -1 0 
926 106 23 322 87 73 -1 -1 -1 0 
926 120 695 356 16 43 -1 -1 -1 0 
926 121 195 212 45 41 -1 -1 -1 0 
926 134 24 322 86 73 -1 -1 -1 0 
927 95 596 448 62 90 -1 -1 -1 0 
927 106 17 325 88 74 -1 -1 -1 0 
927 120 694 358 17 45 -1 -1 -1 0 
927 121 190 224 39 33 -1 -1 -1 0 
928 95 593 454 67 91 -1 -1 -1 0 
928 113 677 431 22 54 -1 -1 -1 0 
928 120 694 362 18 42 -1 -1 -1 0 
928 121 187 222 37 35 -1 -1 -1 0 
928 134 11 327 87 74 -1 -1 -1 0 
929 95 593 461 66 93 -1 -1 -1 0 
929 113 678 425 21 53 -1 -1 -1 0 
929 120 695 366 16 41 -1 -1 -1 0 
929 121 184 218 42 40 -1 -1 -1 0 
929 134 5 334 89 73 -1 -1 -1 0 
930 95 593 465 66 96 -1 -1 -1 0 
930 106 0 337 88 75 -1 -1 -1 0 
930 113 677 447 23 49 -1 -1 -1 0 
930 120 694 368 16 42 -1 -1 -1 0 
930 121 178 218 46 44 -1 -1 -1 0 
930 134 0 338 88 74 -1 -1 -1 0 
931 95 592 472 64 101 -1 -1 -1 0 
931 106 0 340 83 75 -1 -1 -1 0 
931 113 678 452 22 49 -1 -1 -1 0 
931 120 693 370 17 44 -1 -1 -1 0 
932 95 590 481 67 99 -1 -1 -1 0 
932 113 679 461 21 53 -1 -1 -1 0 
932 120 694 374 16 46 -1 -1 -1 0 
932 121 169 224 48 43 -1 -1 -1 0 
932 134 0 344 77 74 -1 -1 -1 0 
933 95 589 487 67 102 -1 -1 -1 0 
933 113 678 466 23 54 -1 -1 -1 0 
933 120 693 377 18 47 -1 -1 -1 0 
933 121 165 225 49 43 -1 -1 -1 0 
933 134 0 347 70 75 -1 -1 -1 0 
934 95 585 494 71 107 -1 -1 -1 0 
934 113 679 477 22 53 -1 -1 -1 0 
934 120 693 381 18 47 -1 -1 -1 0 
934 121 160 231 48 39 -1 -1 -1 0 
934 134 0 350 64 76 -1 -1 -1 0 