169 1 40 242 25 21 -1 -1 -1 0 
170 1 39 240 27 24 -1 -1 -1 0 
171 1 39 239 27 25 -1 -1 -1 0 
174 1 37 238 30 26 -1 -1 -1 0 
175 1 38 236 25 27 -1 -1 -1 0 
176 1 36 234 29 30 -1 -1 -1 0 
176 4 108 244 23 20 -1 -1 -1 0 
177 1 35 232 33 31 -1 -1 -1 0 
177 4 109 244 24 20 -1 -1 -1 0 
178 1 34 231 34 33 -1 -1 -1 0 
178 4 112 241 23 22 -1 -1 -1 0 
179 1 35 231 36 33 -1 -1 -1 0 
179 4 112 240 25 23 -1 -1 -1 0 
180 1 39 232 32 32 -1 -1 -1 0 
180 4 113 238 25 25 -1 -1 -1 0 
181 1 42 231 30 33 -1 -1 -1 0 
181 4 113 236 25 27 -1 -1 -1 0 
182 1 43 230 32 33 -1 -1 -1 0 
182 4 112 235 27 29 -1 -1 -1 0 
183 1 44 228 33 35 -1 -1 -1 0 
183 4 111 235 26 29 -1 -1 -1 0 
184 1 37 225 44 38 -1 -1 -1 0 
184 4 109 235 28 28 -1 -1 -1 0 
185 1 38 223 43 40 -1 -1 -1 0 
185 4 104 235 33 29 -1 -1 -1 0 
186 1 46 222 37 42 -1 -1 -1 0 
186 4 101 232 39 32 -1 -1 -1 0 
187 1 47 222 38 42 -1 -1 -1 0 
187 4 100 229 42 35 -1 -1 -1 0 
188 1 47 222 38 42 -1 -1 -1 0 
188 4 99 228 44 36 -1 -1 -1 0 
189 1 46 222 37 42 -1 -1 -1 0 
189 4 99 227 44 37 -1 -1 -1 0 
190 1 40 220 44 43 -1 -1 -1 0 
190 4 100 227 43 37 -1 -1 -1 0 
191 1 39 218 46 46 -1 -1 -1 0 
191 4 102 227 42 37 -1 -1 -1 0 
192 1 39 216 46 47 -1 -1 -1 0 
192 4 104 226 42 37 -1 -1 -1 0 
193 1 39 214 47 50 -1 -1 -1 0 
193 4 104 224 43 39 -1 -1 -1 0 
194 1 39 214 47 50 -1 -1 -1 0 
194 4 104 222 44 41 -1 -1 -1 0 
195 1 40 215 48 49 -1 -1 -1 0 
195 4 105 220 45 43 -1 -1 -1 0 
196 1 42 214 47 50 -1 -1 -1 0 
196 4 104 218 47 46 -1 -1 -1 0 
197 1 43 213 47 51 -1 -1 -1 0 
197 4 104 218 48 46 -1 -1 -1 0 
198 1 43 212 49 51 -1 -1 -1 0 
198 4 105 218 49 46 -1 -1 -1 0 
199 1 44 209 49 53 -1 -1 -1 0 
199 4 105 217 50 47 -1 -1 -1 0 
200 1 44 208 50 55 -1 -1 -1 0 
200 4 105 216 49 47 -1 -1 -1 0 
201 1 43 206 53 58 -1 -1 -1 0 
201 4 104 213 51 50 -1 -1 -1 0 
202 1 43 206 54 58 -1 -1 -1 0 
202 4 102 211 55 53 -1 -1 -1 0 
203 1 44 206 53 58 -1 -1 -1 0 
203 4 103 210 52 53 -1 -1 -1 0 
204 1 44 207 52 57 -1 -1 -1 0 
204 4 102 209 53 56 -1 -1 -1 0 
205 1 43 206 51 57 -1 -1 -1 0 
205 4 103 209 51 55 -1 -1 -1 0 
206 1 43 205 50 59 -1 -1 -1 0 
206 4 104 209 49 55 -1 -1 -1 0 
207 1 43 202 49 62 -1 -1 -1 0 
207 4 105 209 50 55 -1 -1 -1 0 
208 1 42 199 51 65 -1 -1 -1 0 
208 4 107 208 50 55 -1 -1 -1 0 
209 1 41 198 52 66 -1 -1 -1 0 
209 4 107 207 51 56 -1 -1 -1 0 
210 1 40 199 53 65 -1 -1 -1 0 
210 4 108 205 53 58 -1 -1 -1 0 
211 1 40 199 53 65 -1 -1 -1 0 
211 4 107 204 56 60 -1 -1 -1 0 
212 1 41 199 52 65 -1 -1 -1 0 
212 4 108 203 53 61 -1 -1 -1 0 
213 1 42 199 52 65 -1 -1 -1 0 
213 4 108 203 53 61 -1 -1 -1 0 
214 1 42 197 54 67 -1 -1 -1 0 
214 4 108 203 53 61 -1 -1 -1 0 
215 1 43 196 52 68 -1 -1 -1 0 
215 4 109 203 52 60 -1 -1 -1 0 
216 1 43 193 52 70 -1 -1 -1 0 
216 4 110 201 55 62 -1 -1 -1 0 
217 1 43 192 52 72 -1 -1 -1 0 
217 4 110 199 56 64 -1 -1 -1 0 
218 1 42 192 53 72 -1 -1 -1 0 
218 4 110 197 57 67 -1 -1 -1 0 
219 1 42 193 52 72 -1 -1 -1 0 
219 4 111 197 55 67 -1 -1 -1 0 
220 1 43 192 50 72 -1 -1 -1 0 
220 4 112 196 56 68 -1 -1 -1 0 
221 1 43 192 49 72 -1 -1 -1 0 
221 4 114 196 54 68 -1 -1 -1 0 
222 1 42 190 49 73 -1 -1 -1 0 
222 4 115 196 54 67 -1 -1 -1 0 
223 1 42 187 50 76 -1 -1 -1 0 
223 4 116 195 55 68 -1 -1 -1 0 
224 1 42 186 51 78 -1 -1 -1 0 
224 4 118 194 55 69 -1 -1 -1 0 
225 1 42 185 53 79 -1 -1 -1 0 
225 4 119 192 55 71 -1 -1 -1 0 
226 1 42 186 55 78 -1 -1 -1 0 
226 4 118 191 54 73 -1 -1 -1 0 
227 1 43 187 56 77 -1 -1 -1 0 
227 4 119 191 52 72 -1 -1 -1 0 
228 1 45 187 55 76 -1 -1 -1 0 
228 4 119 190 52 74 -1 -1 -1 0 
229 1 46 185 55 78 -1 -1 -1 0 
229 4 119 190 52 73 -1 -1 -1 0 
230 1 46 184 56 80 -1 -1 -1 0 
230 4 119 189 52 74 -1 -1 -1 0 
231 1 48 181 52 83 -1 -1 -1 0 
231 4 118 187 55 76 -1 -1 -1 0 
232 1 48 180 52 84 -1 -1 -1 0 
232 4 117 185 58 78 -1 -1 -1 0 
233 1 49 179 51 85 -1 -1 -1 0 
233 4 116 184 60 80 -1 -1 -1 0 
234 1 50 180 50 84 -1 -1 -1 0 
234 4 117 184 57 80 -1 -1 -1 0 
235 1 51 180 49 84 -1 -1 -1 0 
235 4 117 184 55 80 -1 -1 -1 0 
236 1 52 180 48 84 -1 -1 -1 0 
236 4 116 184 56 80 -1 -1 -1 0 
237 1 53 179 47 84 -1 -1 -1 0 
237 4 116 184 56 79 -1 -1 -1 0 
238 1 52 176 49 87 -1 -1 -1 0 
238 4 117 182 58 81 -1 -1 -1 0 
239 1 53 175 49 88 -1 -1 -1 0 
239 4 118 181 58 82 -1 -1 -1 0 
240 1 55 174 48 89 -1 -1 -1 0 
240 4 120 179 55 84 -1 -1 -1 0 
241 1 55 173 51 90 -1 -1 -1 0 
241 4 120 178 53 86 -1 -1 -1 0 
242 1 56 172 51 91 -1 -1 -1 0 
243 1 57 174 51 91 -1 -1 -1 0 
243 4 119 179 52 85 -1 -1 -1 0 
244 1 60 173 47 91 -1 -1 -1 0 
244 4 119 178 50 85 -1 -1 -1 0 
245 1 60 173 49 90 -1 -1 -1 0 
245 4 119 177 51 86 -1 -1 -1 0 
246 1 62 170 50 93 -1 -1 -1 0 
246 4 119 175 52 88 -1 -1 -1 0 
247 1 63 169 51 94 -1 -1 -1 0 
247 4 119 173 52 90 -1 -1 -1 0 
248 1 64 168 50 96 -1 -1 -1 0 
248 4 118 172 54 92 -1 -1 -1 0 
249 1 64 168 51 95 -1 -1 -1 0 
249 4 117 172 56 92 -1 -1 -1 0 
250 1 64 168 52 96 -1 -1 -1 0 
250 4 120 173 53 91 -1 -1 -1 0 
251 1 66 168 50 96 -1 -1 -1 0 
251 4 121 173 53 91 -1 -1 -1 0 
252 1 68 167 47 96 -1 -1 -1 0 
252 4 123 173 52 90 -1 -1 -1 0 
253 1 69 165 47 98 -1 -1 -1 0 
253 4 126 171 51 92 -1 -1 -1 0 
254 1 71 163 46 100 -1 -1 -1 0 
254 4 127 170 51 93 -1 -1 -1 0 
255 1 71 162 46 101 -1 -1 -1 0 
255 4 128 168 50 95 -1 -1 -1 0 
256 1 71 162 49 102 -1 -1 -1 0 
256 4 128 167 52 97 -1 -1 -1 0 
257 1 72 162 49 102 -1 -1 -1 0 
257 4 128 167 53 97 -1 -1 -1 0 
258 1 75 162 46 102 -1 -1 -1 0 
258 4 129 167 53 97 -1 -1 -1 0 
259 1 78 160 44 104 -1 -1 -1 0 
259 4 130 167 52 96 -1 -1 -1 0 
260 1 79 160 45 104 -1 -1 -1 0 
260 4 130 166 53 97 -1 -1 -1 0 
261 1 80 159 48 104 -1 -1 -1 0 
261 4 132 164 51 99 -1 -1 -1 0 
262 1 81 157 49 106 -1 -1 -1 0 
262 4 132 163 51 100 -1 -1 -1 0 
263 1 82 156 49 107 -1 -1 -1 0 
263 4 133 162 50 102 -1 -1 -1 0 
264 1 83 156 49 106 -1 -1 -1 0 
265 4 135 162 51 101 -1 -1 -1 0 
266 1 88 158 46 104 -1 -1 -1 0 
266 4 136 163 51 100 -1 -1 -1 0 
267 1 90 156 46 106 -1 -1 -1 0 
267 4 140 161 52 102 -1 -1 -1 0 
268 1 91 154 47 109 -1 -1 -1 0 
268 4 142 159 53 104 -1 -1 -1 0 
269 1 93 153 47 111 -1 -1 -1 0 
269 4 143 158 53 104 -1 -1 -1 0 
270 1 94 152 46 111 -1 -1 -1 0 
270 4 145 157 52 106 -1 -1 -1 0 
271 1 94 152 47 111 -1 -1 -1 0 
271 4 147 157 51 107 -1 -1 -1 0 
272 1 96 152 47 112 -1 -1 -1 0 
272 4 149 157 49 107 -1 -1 -1 0 
273 1 97 151 47 113 -1 -1 -1 0 
273 4 150 157 49 107 -1 -1 -1 0 
274 1 99 151 46 113 -1 -1 -1 0 
274 4 152 157 49 106 -1 -1 -1 0 
275 1 101 151 46 112 -1 -1 -1 0 
275 4 153 156 49 107 -1 -1 -1 0 
276 1 102 149 49 115 -1 -1 -1 0 
276 4 155 153 49 111 -1 -1 -1 0 
277 1 104 147 49 117 -1 -1 -1 0 
277 4 155 151 51 113 -1 -1 -1 0 
278 1 105 147 49 117 -1 -1 -1 0 
278 4 156 151 52 113 -1 -1 -1 0 
279 1 106 147 49 117 -1 -1 -1 0 
279 4 157 152 51 112 -1 -1 -1 0 
280 1 108 147 48 117 -1 -1 -1 0 
280 4 161 152 48 112 -1 -1 -1 0 
281 1 111 147 44 117 -1 -1 -1 0 
281 4 164 152 47 111 -1 -1 -1 0 
282 1 112 146 44 117 -1 -1 -1 0 
282 4 168 150 46 113 -1 -1 -1 0 
283 1 114 144 44 119 -1 -1 -1 0 
283 4 171 149 46 113 -1 -1 -1 0 
284 1 116 143 44 120 -1 -1 -1 0 
284 4 172 148 48 115 -1 -1 -1 0 
285 1 117 142 46 120 -1 -1 -1 0 
285 4 174 148 48 115 -1 -1 -1 0 
286 1 119 141 47 121 -1 -1 -1 0 
286 4 176 147 48 117 -1 -1 -1 0 
287 1 121 141 47 121 -1 -1 -1 0 
287 4 178 147 48 117 -1 -1 -1 0 
288 1 124 142 45 121 -1 -1 -1 0 
288 4 179 147 48 117 -1 -1 -1 0 
289 1 127 142 44 121 -1 -1 -1 0 
289 4 180 146 49 117 -1 -1 -1 0 
290 1 130 141 43 121 -1 -1 -1 0 
290 4 182 144 50 118 -1 -1 -1 0 
291 1 132 139 44 121 -1 -1 -1 0 
291 4 183 143 49 118 -1 -1 -1 0 
292 1 134 138 46 121 -1 -1 -1 0 
292 4 185 143 47 117 -1 -1 -1 0 
293 1 136 137 46 123 -1 -1 -1 0 
293 4 185 143 49 118 -1 -1 -1 0 
294 1 137 137 47 123 -1 -1 -1 0 
294 4 187 143 48 118 -1 -1 -1 0 
295 1 139 138 46 121 -1 -1 -1 0 
295 4 192 143 43 117 -1 -1 -1 0 
296 1 142 138 44 120 -1 -1 -1 0 
296 4 193 142 45 117 -1 -1 -1 0 
297 1 143 136 44 121 -1 -1 -1 0 
297 4 196 141 48 116 -1 -1 -1 0 
298 1 145 133 45 119 -1 -1 -1 0 
298 4 200 140 48 115 -1 -1 -1 0 
299 1 147 133 44 119 -1 -1 -1 0 
299 4 203 140 47 114 -1 -1 -1 0 
300 1 148 133 44 119 -1 -1 -1 0 
300 4 205 140 49 115 -1 -1 -1 0 
301 1 151 133 45 120 -1 -1 -1 0 
301 4 208 139 48 116 -1 -1 -1 0 
302 1 153 132 46 121 -1 -1 -1 0 
302 4 209 139 48 116 -1 -1 -1 0 
303 1 156 133 44 119 -1 -1 -1 0 
303 4 211 138 49 116 -1 -1 -1 0 
304 1 159 133 43 118 -1 -1 -1 0 
304 4 215 138 48 115 -1 -1 -1 0 
305 1 162 132 43 119 -1 -1 -1 0 
305 4 215 136 52 115 -1 -1 -1 0 
306 1 165 131 45 118 -1 -1 -1 0 
306 4 219 135 49 115 -1 -1 -1 0 
307 1 169 128 45 120 -1 -1 -1 0 
307 4 222 134 46 115 -1 -1 -1 0 
308 1 170 127 47 121 -1 -1 -1 0 
308 4 223 134 47 116 -1 -1 -1 0 
309 1 171 128 48 120 -1 -1 -1 0 
309 4 226 134 47 115 -1 -1 -1 0 
310 1 175 128 44 119 -1 -1 -1 0 
310 4 230 134 42 114 -1 -1 -1 0 
311 1 177 128 43 119 -1 -1 -1 0 
311 4 232 134 42 113 -1 -1 -1 0 
312 1 179 128 42 119 -1 -1 -1 0 
312 4 237 133 41 112 -1 -1 -1 0 
313 1 181 126 43 117 -1 -1 -1 0 
313 4 241 131 41 112 -1 -1 -1 0 
314 1 182 125 44 116 -1 -1 -1 0 
314 4 243 130 41 113 -1 -1 -1 0 
315 1 185 124 42 117 -1 -1 -1 0 
315 4 244 131 46 113 -1 -1 -1 0 
316 1 188 123 42 118 -1 -1 -1 0 
316 4 245 130 50 114 -1 -1 -1 0 
317 1 190 124 43 117 -1 -1 -1 0 
317 4 247 130 50 113 -1 -1 -1 0 
318 1 190 124 47 117 -1 -1 -1 0 
318 4 251 130 47 113 -1 -1 -1 0 
319 1 192 123 46 117 -1 -1 -1 0 
319 4 253 128 50 113 -1 -1 -1 0 
320 1 194 123 47 117 -1 -1 -1 0 
320 4 255 127 49 112 -1 -1 -1 0 
321 1 200 121 46 115 -1 -1 -1 0 
321 4 256 127 49 110 -1 -1 -1 0 
322 1 204 120 47 115 -1 -1 -1 0 
322 4 260 126 42 112 -1 -1 -1 0 
323 1 207 120 46 115 -1 -1 -1 0 
323 4 260 125 44 113 -1 -1 -1 0 
324 1 210 120 45 115 -1 -1 -1 0 
324 4 263 125 40 113 -1 -1 -1 0 
325 1 213 120 45 115 -1 -1 -1 0 
325 4 266 125 38 112 -1 -1 -1 0 
326 1 216 120 43 114 -1 -1 -1 0 
326 4 268 125 37 111 -1 -1 -1 0 
327 1 220 118 41 116 -1 -1 -1 0 
327 4 270 124 39 111 -1 -1 -1 0 
328 1 223 117 42 115 -1 -1 -1 0 
328 4 272 123 42 108 -1 -1 -1 0 
329 1 225 117 42 114 -1 -1 -1 0 
329 4 274 123 44 108 -1 -1 -1 0 
330 1 228 115 42 115 -1 -1 -1 0 
330 4 276 121 47 109 -1 -1 -1 0 
331 1 230 115 45 115 -1 -1 -1 0 
331 4 278 121 48 110 -1 -1 -1 0 
332 1 233 115 45 115 -1 -1 -1 0 
332 4 279 122 48 110 -1 -1 -1 0 
333 1 236 115 49 114 -1 -1 -1 0 
333 4 281 122 46 110 -1 -1 -1 0 
334 1 241 116 44 113 -1 -1 -1 0 
334 4 284 119 47 109 -1 -1 -1 0 
335 1 243 116 40 113 -1 -1 -1 0 
335 4 285 119 47 101 -1 -1 -1 0 
336 1 247 115 38 112 -1 -1 -1 0 
336 4 289 117 43 100 -1 -1 -1 0 
337 1 251 113 40 113 -1 -1 -1 0 
337 4 291 116 42 100 -1 -1 -1 0 
338 1 251 112 43 113 -1 -1 -1 0 
338 4 293 116 40 99 -1 -1 -1 0 
339 1 255 113 41 112 -1 -1 -1 0 
339 4 296 117 37 95 -1 -1 -1 0 
340 1 257 113 44 112 -1 -1 -1 0 
340 4 300 118 35 86 -1 -1 -1 0 
341 1 260 113 43 112 -1 -1 -1 0 
341 4 302 119 34 83 -1 -1 -1 0 
342 1 262 113 43 112 -1 -1 -1 0 
342 4 306 117 37 83 -1 -1 -1 0 
343 1 265 111 43 110 -1 -1 -1 0 
343 4 309 115 42 78 -1 -1 -1 0 
344 1 266 110 42 109 -1 -1 -1 0 
344 4 311 115 42 75 -1 -1 -1 0 
345 1 269 108 39 111 -1 -1 -1 0 
345 4 314 115 43 74 -1 -1 -1 0 
346 1 271 107 40 112 -1 -1 -1 0 
346 4 317 115 44 76 -1 -1 -1 0 
347 1 272 107 40 112 -1 -1 -1 0 
347 4 318 114 45 75 -1 -1 -1 0 
348 1 275 108 39 111 -1 -1 -1 0 
348 4 322 114 43 72 -1 -1 -1 0 
349 1 278 109 37 110 -1 -1 -1 0 
349 4 325 113 42 71 -1 -1 -1 0 
350 1 280 109 37 110 -1 -1 -1 0 
350 4 327 112 40 70 -1 -1 -1 0 
351 1 283 108 37 110 -1 -1 -1 0 
351 4 330 112 37 68 -1 -1 -1 0 
352 1 287 106 39 109 -1 -1 -1 0 
352 4 334 111 33 68 -1 -1 -1 0 
353 1 289 105 40 107 -1 -1 -1 0 
353 4 336 111 31 68 -1 -1 -1 0 
354 1 291 104 43 103 -1 -1 -1 0 
354 4 340 112 27 68 -1 -1 -1 0 
355 1 294 105 45 100 -1 -1 -1 0 
355 4 343 111 24 68 -1 -1 -1 0 
356 1 297 105 44 98 -1 -1 -1 0 
356 4 346 112 21 68 -1 -1 -1 0 
357 1 299 106 45 95 -1 -1 -1 0 
357 4 349 111 18 66 -1 -1 -1 0 
358 1 304 105 41 93 -1 -1 -1 0 
358 4 352 116 15 61 -1 -1 -1 0 
359 1 305 103 42 92 -1 -1 -1 0 
359 4 353 125 14 53 -1 -1 -1 0 
360 1 307 102 41 96 -1 -1 -1 0 
361 1 310 101 40 95 -1 -1 -1 0 
362 1 313 101 38 94 -1 -1 -1 0 
363 1 316 102 38 93 -1 -1 -1 0 
364 1 318 103 39 91 -1 -1 -1 0 
365 1 322 103 37 89 -1 -1 -1 0 
366 1 329 101 37 81 -1 -1 -1 0 
367 1 334 100 33 79 -1 -1 -1 0 
384 6 333 100 34 80 -1 -1 -1 0 
385 6 324 101 43 80 -1 -1 -1 0 
386 6 321 102 46 79 -1 -1 -1 0 
387 6 318 104 49 77 -1 -1 -1 0 
388 6 315 104 52 81 -1 -1 -1 0 
389 6 314 103 53 85 -1 -1 -1 0 
390 6 315 103 49 90 -1 -1 -1 0 
391 6 314 104 46 92 -1 -1 -1 0 
392 6 313 105 45 92 -1 -1 -1 0 
393 6 310 106 44 94 -1 -1 -1 0 
394 6 307 107 43 93 -1 -1 -1 0 
395 6 305 108 41 96 -1 -1 -1 0 
396 6 301 108 42 98 -1 -1 -1 0 
397 6 295 108 43 101 -1 -1 -1 0 
398 6 291 107 46 104 -1 -1 -1 0 
399 6 283 107 52 104 -1 -1 -1 0 
400 6 278 109 54 103 -1 -1 -1 0 
401 6 277 111 53 128 -1 -1 -1 0 
402 6 272 112 56 128 -1 -1 -1 0 
403 6 269 112 57 129 -1 -1 -1 0 
404 6 269 112 56 129 -1 -1 -1 0 
405 6 268 111 53 130 -1 -1 -1 0 
406 6 268 112 50 129 -1 -1 -1 0 
407 6 266 113 49 130 -1 -1 -1 0 
408 6 256 114 55 130 -1 -1 -1 0 
409 6 253 115 54 130 -1 -1 -1 0 
410 6 255 116 49 130 -1 -1 -1 0 
411 6 254 117 46 130 -1 -1 -1 0 
412 6 250 116 46 131 -1 -1 -1 0 
413 6 246 116 48 131 -1 -1 -1 0 
414 6 241 117 49 131 -1 -1 -1 0 
415 6 235 120 50 130 -1 -1 -1 0 
416 6 231 121 51 130 -1 -1 -1 0 
417 6 227 123 52 129 -1 -1 -1 0 
418 6 223 124 52 130 -1 -1 -1 0 
419 6 222 123 51 131 -1 -1 -1 0 
420 6 218 124 53 130 -1 -1 -1 0 
421 6 215 124 51 130 -1 -1 -1 0 
422 6 213 124 50 130 -1 -1 -1 0 
423 6 201 126 56 129 -1 -1 -1 0 
424 6 193 127 59 130 -1 -1 -1 0 
425 6 194 128 58 129 -1 -1 -1 0 
426 6 194 129 52 129 -1 -1 -1 0 
427 6 193 128 45 130 -1 -1 -1 0 
428 6 189 127 44 131 -1 -1 -1 0 
429 6 181 128 47 132 -1 -1 -1 0 
430 6 172 128 52 134 -1 -1 -1 0 
431 6 167 129 55 134 -1 -1 -1 0 
432 6 161 130 56 137 -1 -1 -1 0 
433 6 154 131 59 133 -1 -1 -1 0 
434 6 152 131 58 134 -1 -1 -1 0 
435 6 149 130 57 136 -1 -1 -1 0 
436 6 148 130 54 135 -1 -1 -1 0 
437 6 147 132 53 133 -1 -1 -1 0 
438 6 141 133 53 133 -1 -1 -1 0 
439 6 136 136 53 128 -1 -1 -1 0 
440 6 136 137 50 127 -1 -1 -1 0 
441 6 132 137 52 127 -1 -1 -1 0 
442 6 125 136 51 127 -1 -1 -1 0 
443 6 120 136 52 126 -1 -1 -1 0 
444 6 113 136 52 127 -1 -1 -1 0 
445 6 104 138 55 125 -1 -1 -1 0 
446 6 100 139 56 124 -1 -1 -1 0 
447 6 95 141 57 122 -1 -1 -1 0 
448 6 90 142 58 120 -1 -1 -1 0 
449 6 87 142 59 120 -1 -1 -1 0 
450 6 85 142 55 120 -1 -1 -1 0 
451 6 83 143 52 120 -1 -1 -1 0 
452 6 80 144 51 120 -1 -1 -1 0 
453 6 71 145 55 119 -1 -1 -1 0 
454 6 67 147 52 117 -1 -1 -1 0 
455 6 64 148 52 115 -1 -1 -1 0 
456 6 59 148 49 115 -1 -1 -1 0 
457 6 52 147 49 116 -1 -1 -1 0 
458 6 48 147 47 115 -1 -1 -1 0 
459 6 36 148 54 115 -1 -1 -1 0 
460 6 25 149 60 115 -1 -1 -1 0 
461 6 21 150 60 113 -1 -1 -1 0 
462 6 15 152 62 111 -1 -1 -1 0 
463 6 11 151 62 112 -1 -1 -1 0 
464 6 11 151 58 112 -1 -1 -1 0 
465 6 10 150 53 113 -1 -1 -1 0 
466 6 6 152 53 111 -1 -1 -1 0 
467 6 2 153 54 111 -1 -1 -1 0 
468 6 1 156 47 107 -1 -1 -1 0 
469 6 0 158 40 105 -1 -1 -1 0 
470 6 0 158 38 106 -1 -1 -1 0 
471 6 0 167 28 97 -1 -1 -1 0 
472 6 0 170 20 92 -1 -1 -1 0 
473 6 0 170 14 85 -1 -1 -1 0 
1076 8 0 130 19 114 -1 -1 -1 0 
1077 8 0 128 22 118 -1 -1 -1 0 
1078 8 0 126 25 121 -1 -1 -1 0 
1079 8 0 125 27 122 -1 -1 -1 0 
1080 8 0 127 28 118 -1 -1 -1 0 
1081 8 0 128 38 116 -1 -1 -1 0 
1082 8 0 128 37 116 -1 -1 -1 0 
1083 8 0 127 38 116 -1 -1 -1 0 
1084 8 1 124 37 115 -1 -1 -1 0 
1085 8 0 122 39 115 -1 -1 -1 0 
1086 8 0 122 42 116 -1 -1 -1 0 
1087 8 0 122 47 116 -1 -1 -1 0 
1088 8 0 122 49 115 -1 -1 -1 0 
1089 8 1 122 50 115 -1 -1 -1 0 
1090 8 0 122 51 115 -1 -1 -1 0 
1091 8 0 122 52 114 -1 -1 -1 0 
1092 8 0 120 56 112 -1 -1 -1 0 
1093 8 0 119 58 111 -1 -1 -1 0 
1094 8 1 118 59 111 -1 -1 -1 0 
1095 8 3 118 58 112 -1 -1 -1 0 
1096 8 7 117 56 113 -1 -1 -1 0 
1097 8 9 117 56 113 -1 -1 -1 0 
1097 9 0 121 13 103 -1 -1 -1 0 
1098 8 12 117 51 112 -1 -1 -1 0 
1098 9 0 114 14 115 -1 -1 -1 0 
1099 8 13 117 49 112 -1 -1 -1 0 
1100 8 16 116 45 112 -1 -1 -1 0 
1101 8 17 115 41 112 -1 -1 -1 0 
1102 8 16 114 42 112 -1 -1 -1 0 
1102 10 0 102 18 119 -1 -1 -1 0 
1103 8 16 114 41 111 -1 -1 -1 0 
1103 10 0 101 19 123 -1 -1 -1 0 
1104 8 16 113 41 111 -1 -1 -1 0 
1104 10 0 100 18 120 -1 -1 -1 0 
1105 8 15 113 40 111 -1 -1 -1 0 
1105 10 0 97 18 123 -1 -1 -1 0 
1106 8 15 113 39 111 -1 -1 -1 0 
1106 10 0 97 18 123 -1 -1 -1 0 
1107 8 15 113 39 112 -1 -1 -1 0 
1107 10 0 98 21 121 -1 -1 -1 0 
1108 8 15 113 39 113 -1 -1 -1 0 
1108 10 0 96 25 122 -1 -1 -1 0 
1109 8 14 115 40 110 -1 -1 -1 0 
1109 10 0 95 26 123 -1 -1 -1 0 
1110 8 13 115 44 109 -1 -1 -1 0 
1110 10 0 94 24 124 -1 -1 -1 0 
1111 8 13 114 43 105 -1 -1 -1 0 
1111 10 2 114 20 104 -1 -1 -1 0 
1112 8 14 114 41 105 -1 -1 -1 0 
1113 8 14 113 40 105 -1 -1 -1 0 
1114 8 15 110 38 107 -1 -1 -1 0 
1115 8 16 112 36 107 -1 -1 -1 0 
1115 11 0 102 24 112 -1 -1 -1 0 
1116 8 17 112 36 107 -1 -1 -1 0 
1116 11 0 109 24 105 -1 -1 -1 0 
1117 8 17 112 35 107 -1 -1 -1 0 
1117 11 0 111 24 102 -1 -1 -1 0 
1118 8 18 113 33 106 -1 -1 -1 0 
1118 11 0 108 24 105 -1 -1 -1 0 
1119 8 19 112 30 105 -1 -1 -1 0 
1119 11 0 102 24 111 -1 -1 -1 0 
1120 8 18 109 30 107 -1 -1 -1 0 
1120 11 0 91 24 119 -1 -1 -1 0 
1121 8 18 108 29 108 -1 -1 -1 0 
1121 11 0 90 25 122 -1 -1 -1 0 
1122 8 17 107 30 107 -1 -1 -1 0 
1122 11 0 93 23 118 -1 -1 -1 0 
1123 8 17 106 29 108 -1 -1 -1 0 
1123 11 0 91 23 117 -1 -1 -1 0 
1124 8 17 107 29 108 -1 -1 -1 0 
1124 11 0 90 24 117 -1 -1 -1 0 
1125 8 17 107 31 107 -1 -1 -1 0 
1125 11 0 87 28 123 -1 -1 -1 0 
1126 8 18 106 33 106 -1 -1 -1 0 
1126 11 0 88 29 122 -1 -1 -1 0 
1127 8 19 104 33 109 -1 -1 -1 0 
1127 11 1 88 29 122 -1 -1 -1 0 
1128 8 18 104 36 106 -1 -1 -1 0 
1128 11 1 87 30 121 -1 -1 -1 0 
1129 8 21 103 35 106 -1 -1 -1 0 
1130 8 21 103 37 105 -1 -1 -1 0 
1130 10 4 101 25 103 -1 -1 -1 0 
1131 8 22 101 39 107 -1 -1 -1 0 
1131 10 5 100 25 103 -1 -1 -1 0 
1132 8 21 101 42 107 -1 -1 -1 0 
1132 10 1 100 33 104 -1 -1 -1 0 
1133 8 27 103 35 106 -1 -1 -1 0 
1133 10 0 100 35 104 -1 -1 -1 0 
1134 8 31 103 33 106 -1 -1 -1 0 
1134 10 0 100 36 103 -1 -1 -1 0 
1135 8 32 105 34 103 -1 -1 -1 0 
1135 10 0 100 40 102 -1 -1 -1 0 
1136 8 33 105 34 102 -1 -1 -1 0 
1136 10 0 97 43 106 -1 -1 -1 0 
1137 8 34 106 34 101 -1 -1 -1 0 
1138 8 36 101 31 102 -1 -1 -1 0 
1138 11 10 80 37 122 -1 -1 -1 0 
1139 8 36 100 32 102 -1 -1 -1 0 
1139 11 16 79 32 123 -1 -1 -1 0 
1140 8 37 99 32 103 -1 -1 -1 0 
1141 11 20 79 42 121 -1 -1 -1 0 
1142 8 40 98 36 105 -1 -1 -1 0 
1142 11 21 79 42 121 -1 -1 -1 0 
1143 8 41 97 36 106 -1 -1 -1 0 
1144 8 45 98 30 105 -1 -1 -1 0 
1145 8 46 99 29 102 -1 -1 -1 0 
1145 11 29 85 24 112 -1 -1 -1 0 
1146 8 47 99 34 101 -1 -1 -1 0 
1146 11 30 86 24 111 -1 -1 -1 0 
1147 8 49 93 33 106 -1 -1 -1 0 
1147 11 30 83 30 112 -1 -1 -1 0 
1148 8 51 95 31 105 -1 -1 -1 0 
1148 11 30 81 32 113 -1 -1 -1 0 
1149 8 52 98 32 102 -1 -1 -1 0 
1149 11 23 80 42 113 -1 -1 -1 0 
1150 8 54 98 32 101 -1 -1 -1 0 
1151 8 53 99 36 100 -1 -1 -1 0 
1151 11 18 79 48 114 -1 -1 -1 0 
1152 8 54 99 36 99 -1 -1 -1 0 
1153 10 19 79 62 114 -1 -1 -1 0 
1154 10 23 78 63 115 -1 -1 -1 0 
1155 8 42 86 49 110 -1 -1 -1 0 
1156 8 48 88 38 107 -1 -1 -1 0 
1157 8 47 88 40 106 -1 -1 -1 0 
1158 8 45 90 44 103 -1 -1 -1 0 
1159 8 47 90 41 103 -1 -1 -1 0 
1160 8 49 86 39 106 -1 -1 -1 0 
1161 8 51 91 44 99 -1 -1 -1 0 
1162 8 61 90 35 97 -1 -1 -1 0 
1163 8 61 90 37 97 -1 -1 -1 0 
1164 8 58 90 43 98 -1 -1 -1 0 
1165 8 64 88 39 100 -1 -1 -1 0 
1166 8 64 89 40 100 -1 -1 -1 0 
1167 8 69 89 41 100 -1 -1 -1 0 
1168 8 69 87 44 101 -1 -1 -1 0 
1169 8 69 86 44 101 -1 -1 -1 0 
1170 8 61 84 50 99 -1 -1 -1 0 
1171 8 66 82 44 102 -1 -1 -1 0 
1172 8 78 82 35 102 -1 -1 -1 0 
1173 8 81 82 42 102 -1 -1 -1 0 
1174 8 86 82 36 102 -1 -1 -1 0 
1175 8 86 81 43 102 -1 -1 -1 0 
1176 8 88 83 46 101 -1 -1 -1 0 
1177 8 90 83 48 100 -1 -1 -1 0 
1178 8 91 83 48 99 -1 -1 -1 0 
1179 8 92 81 49 99 -1 -1 -1 0 
1180 8 97 83 45 96 -1 -1 -1 0 
1181 8 104 80 36 99 -1 -1 -1 0 
1182 8 114 81 35 98 -1 -1 -1 0 
1183 8 119 81 37 98 -1 -1 -1 0 
1184 8 121 82 37 97 -1 -1 -1 0 
1185 8 121 81 38 98 -1 -1 -1 0 
1186 8 125 80 34 99 -1 -1 -1 0 
1187 8 128 86 31 92 -1 -1 -1 0 
1188 8 131 81 44 94 -1 -1 -1 0 
1189 8 136 80 43 95 -1 -1 -1 0 
1190 8 139 79 42 96 -1 -1 -1 0 
1191 8 143 80 43 91 -1 -1 -1 0 
1193 8 146 81 56 90 -1 -1 -1 0 
1194 8 146 82 54 93 -1 -1 -1 0 
1195 8 148 82 56 93 -1 -1 -1 0 
1196 8 157 81 62 92 -1 -1 -1 0 
1197 8 190 61 29 107 -1 -1 -1 0 
1198 8 183 77 37 92 -1 -1 -1 0 
1199 8 179 79 38 91 -1 -1 -1 0 
1201 8 187 81 48 90 -1 -1 -1 0 
1202 8 190 82 52 88 -1 -1 -1 0 
1203 8 192 80 50 91 -1 -1 -1 0 
1203 14 218 61 39 105 -1 -1 -1 0 
1204 8 194 80 54 92 -1 -1 -1 0 
1205 8 205 74 40 96 -1 -1 -1 0 
1205 14 229 59 42 108 -1 -1 -1 0 
1206 8 208 73 43 97 -1 -1 -1 0 
1207 8 225 76 32 93 -1 -1 -1 0 
1207 14 237 57 41 102 -1 -1 -1 0 
1208 8 230 76 33 92 -1 -1 -1 0 
1209 8 228 76 37 92 -1 -1 -1 0 
1209 14 245 56 37 110 -1 -1 -1 0 
1210 8 227 77 50 91 -1 -1 -1 0 
1210 14 246 57 51 109 -1 -1 -1 0 
1211 8 227 78 52 90 -1 -1 -1 0 
1211 14 251 58 49 108 -1 -1 -1 0 
1212 8 231 77 52 91 -1 -1 -1 0 
1212 14 259 59 44 107 -1 -1 -1 0 
1213 8 239 76 42 91 -1 -1 -1 0 
1213 14 266 59 38 107 -1 -1 -1 0 
1214 8 243 76 43 90 -1 -1 -1 0 
1215 14 272 58 31 109 -1 -1 -1 0 
1216 14 280 58 30 108 -1 -1 -1 0 
1217 8 266 76 33 92 -1 -1 -1 0 
1217 14 284 57 32 109 -1 -1 -1 0 
1218 8 272 77 42 92 -1 -1 -1 0 
1218 14 289 57 42 107 -1 -1 -1 0 
1219 8 271 77 48 90 -1 -1 -1 0 
1219 14 295 57 46 107 -1 -1 -1 0 
1220 8 275 78 52 90 -1 -1 -1 0 
1220 14 298 58 46 106 -1 -1 -1 0 
1221 8 276 76 51 93 -1 -1 -1 0 
1221 14 305 58 41 106 -1 -1 -1 0 
1222 8 286 75 42 95 -1 -1 -1 0 
1222 14 311 58 33 106 -1 -1 -1 0 
1223 8 291 75 40 94 -1 -1 -1 0 
1223 14 313 57 29 105 -1 -1 -1 0 
1224 8 303 73 42 95 -1 -1 -1 0 
1225 8 305 75 41 92 -1 -1 -1 0 
1225 14 326 56 29 107 -1 -1 -1 0 
1226 8 312 75 33 91 -1 -1 -1 0 
1226 14 329 56 30 108 -1 -1 -1 0 
1227 8 312 75 49 92 -1 -1 -1 0 
1227 14 335 56 32 107 -1 -1 -1 0 
1228 8 313 75 52 91 -1 -1 -1 0 
1228 14 342 57 25 104 -1 -1 -1 0 
1229 8 314 74 52 92 -1 -1 -1 0 
1229 14 346 58 21 105 -1 -1 -1 0 
1230 8 318 73 49 93 -1 -1 -1 0 
1231 8 334 73 33 93 -1 -1 -1 0 
1232 8 344 76 23 89 -1 -1 -1 0 
1314 17 329 106 38 74 -1 -1 -1 0 
1315 17 326 109 41 72 -1 -1 -1 0 
1316 17 323 109 42 72 -1 -1 -1 0 
1317 17 316 108 44 76 -1 -1 -1 0 
1318 17 311 108 46 77 -1 -1 -1 0 
1319 17 309 107 46 77 -1 -1 -1 0 
1320 17 305 107 49 78 -1 -1 -1 0 
1321 17 303 109 46 79 -1 -1 -1 0 
1322 17 302 111 46 79 -1 -1 -1 0 
1323 17 304 112 40 82 -1 -1 -1 0 
1324 17 305 113 36 84 -1 -1 -1 0 
1325 17 295 112 45 86 -1 -1 -1 0 
1326 17 294 113 43 88 -1 -1 -1 0 
1327 17 292 114 43 108 -1 -1 -1 0 
1328 17 289 114 46 111 -1 -1 -1 0 
1329 17 286 117 46 111 -1 -1 -1 0 
1330 17 282 118 47 112 -1 -1 -1 0 
1331 17 280 118 47 112 -1 -1 -1 0 
1332 17 274 118 50 112 -1 -1 -1 0 
1333 17 271 118 52 112 -1 -1 -1 0 
1334 17 270 118 52 112 -1 -1 -1 0 
1335 17 269 120 50 113 -1 -1 -1 0 
1336 17 268 122 50 114 -1 -1 -1 0 
1337 17 266 122 51 115 -1 -1 -1 0 
1338 17 269 123 46 114 -1 -1 -1 0 
1339 17 266 123 46 115 -1 -1 -1 0 
1340 17 263 122 49 115 -1 -1 -1 0 
1341 17 261 123 49 115 -1 -1 -1 0 
1342 17 259 124 50 116 -1 -1 -1 0 
1343 17 259 125 48 116 -1 -1 -1 0 
1344 17 265 127 41 117 -1 -1 -1 0 
1345 17 257 128 48 116 -1 -1 -1 0 
1346 17 256 128 47 116 -1 -1 -1 0 
1347 17 252 127 50 117 -1 -1 -1 0 
1348 17 249 127 51 117 -1 -1 -1 0 
1349 17 248 128 51 119 -1 -1 -1 0 
1350 17 246 129 53 119 -1 -1 -1 0 
1351 17 248 131 48 119 -1 -1 -1 0 
1352 17 246 132 50 119 -1 -1 -1 0 
1353 17 244 132 50 119 -1 -1 -1 0 
1354 17 243 131 49 120 -1 -1 -1 0 
1355 17 242 131 49 120 -1 -1 -1 0 
1356 17 240 132 51 120 -1 -1 -1 0 
1357 17 241 135 49 120 -1 -1 -1 0 
1358 17 244 136 43 120 -1 -1 -1 0 
1359 17 239 137 49 119 -1 -1 -1 0 
1360 17 237 137 47 119 -1 -1 -1 0 
1361 17 234 137 48 120 -1 -1 -1 0 
1362 17 231 136 49 121 -1 -1 -1 0 
1363 17 228 137 51 123 -1 -1 -1 0 
1364 17 226 138 53 124 -1 -1 -1 0 
1365 17 226 140 53 122 -1 -1 -1 0 
1366 17 227 141 50 121 -1 -1 -1 0 
1367 17 227 142 48 120 -1 -1 -1 0 
1368 17 225 142 49 121 -1 -1 -1 0 
1369 17 221 142 50 121 -1 -1 -1 0 
1370 17 220 142 51 121 -1 -1 -1 0 
1371 17 217 144 51 120 -1 -1 -1 0 
1372 17 214 147 52 117 -1 -1 -1 0 
1373 17 215 148 49 116 -1 -1 -1 0 
1374 17 214 148 49 116 -1 -1 -1 0 
1375 17 212 146 48 117 -1 -1 -1 0 
1376 17 208 145 51 117 -1 -1 -1 0 
1377 17 203 146 54 117 -1 -1 -1 0 
1378 17 201 149 55 115 -1 -1 -1 0 
1379 17 199 150 56 114 -1 -1 -1 0 
1380 17 198 153 58 111 -1 -1 -1 0 
1381 17 197 154 53 109 -1 -1 -1 0 
1382 17 196 154 53 109 -1 -1 -1 0 
1383 17 193 153 54 110 -1 -1 -1 0 
1384 17 190 153 54 110 -1 -1 -1 0 
1385 17 188 153 54 111 -1 -1 -1 0 
1386 17 185 156 55 107 -1 -1 -1 0 
1387 17 182 159 56 105 -1 -1 -1 0 
1388 17 181 160 55 103 -1 -1 -1 0 
1389 17 178 160 55 103 -1 -1 -1 0 
1390 17 173 158 54 105 -1 -1 -1 0 
1391 17 171 158 56 106 -1 -1 -1 0 
1392 17 166 160 59 103 -1 -1 -1 0 
1393 17 163 162 58 101 -1 -1 -1 0 
1394 17 161 164 59 99 -1 -1 -1 0 
1395 17 160 165 58 98 -1 -1 -1 0 
1396 17 156 165 58 98 -1 -1 -1 0 
1397 17 154 166 57 97 -1 -1 -1 0 
1398 17 150 166 58 97 -1 -1 -1 0 
1399 17 146 167 59 96 -1 -1 -1 0 
1400 17 144 169 59 94 -1 -1 -1 0 
1401 17 141 171 59 94 -1 -1 -1 0 
1402 17 136 172 59 91 -1 -1 -1 0 
1403 17 131 172 62 90 -1 -1 -1 0 
1404 17 126 171 63 91 -1 -1 -1 0 
1405 17 123 171 62 92 -1 -1 -1 0 
1406 17 121 171 63 93 -1 -1 -1 0 
1407 17 119 174 64 89 -1 -1 -1 0 
1408 17 118 177 61 87 -1 -1 -1 0 
1409 17 116 179 61 85 -1 -1 -1 0 
1410 17 114 179 59 85 -1 -1 -1 0 
1411 17 110 178 59 86 -1 -1 -1 0 
1412 17 106 178 63 86 -1 -1 -1 0 
1413 17 104 179 61 85 -1 -1 -1 0 
1414 17 102 182 60 83 -1 -1 -1 0 
1415 17 100 183 60 81 -1 -1 -1 0 
1416 17 96 186 62 78 -1 -1 -1 0 
1417 17 95 187 57 77 -1 -1 -1 0 
1418 17 91 187 59 77 -1 -1 -1 0 
1419 17 87 186 60 77 -1 -1 -1 0 
1420 17 84 187 60 77 -1 -1 -1 0 
1421 17 81 188 62 76 -1 -1 -1 0 
1422 17 80 192 61 72 -1 -1 -1 0 
1423 17 80 194 57 70 -1 -1 -1 0 
1424 17 79 195 55 68 -1 -1 -1 0 
1425 17 75 195 57 68 -1 -1 -1 0 
1426 17 71 195 59 68 -1 -1 -1 0 
1427 17 70 195 59 68 -1 -1 -1 0 
1428 17 67 196 61 68 -1 -1 -1 0 
1429 17 64 200 61 64 -1 -1 -1 0 
1430 17 63 202 60 62 -1 -1 -1 0 
1431 17 59 202 61 62 -1 -1 -1 0 
1432 17 57 201 58 62 -1 -1 -1 0 
1433 17 54 201 60 62 -1 -1 -1 0 
1434 17 51 201 62 62 -1 -1 -1 0 
1435 17 48 203 62 61 -1 -1 -1 0 
1436 17 47 205 61 59 -1 -1 -1 0 
1437 17 44 208 62 56 -1 -1 -1 0 
1438 17 42 210 60 53 -1 -1 -1 0 
1439 17 40 210 59 53 -1 -1 -1 0 
1440 17 38 209 58 54 -1 -1 -1 0 
1441 17 35 209 58 54 -1 -1 -1 0 
1442 17 32 210 60 54 -1 -1 -1 0 
1443 17 32 213 58 52 -1 -1 -1 0 
1444 17 30 216 57 48 -1 -1 -1 0 
1445 17 27 217 56 46 -1 -1 -1 0 
1446 17 22 217 57 46 -1 -1 -1 0 
1447 17 18 216 56 47 -1 -1 -1 0 
1448 17 15 216 58 47 -1 -1 -1 0 
1449 17 13 218 58 46 -1 -1 -1 0 
1450 17 10 222 55 42 -1 -1 -1 0 
1451 17 10 224 50 40 -1 -1 -1 0 
1452 17 8 226 48 38 -1 -1 -1 0 
1453 17 3 227 49 36 -1 -1 -1 0 
1454 17 0 226 49 37 -1 -1 -1 0 
1455 17 0 226 45 38 -1 -1 -1 0 
1456 17 0 229 41 35 -1 -1 -1 0 
1457 17 0 232 39 32 -1 -1 -1 0 
1458 17 0 234 33 30 -1 -1 -1 0 
1459 17 0 236 26 27 -1 -1 -1 0 
1460 17 0 236 23 27 -1 -1 -1 0 
1461 17 0 235 20 28 -1 -1 -1 0 
1462 17 0 236 16 28 -1 -1 -1 0 
1463 17 0 237 12 27 -1 -1 -1 0 
1610 19 10 229 47 35 -1 -1 -1 0 
1611 19 12 229 46 35 -1 -1 -1 0 
1613 19 14 226 47 37 -1 -1 -1 0 
1614 19 14 222 49 41 -1 -1 -1 0 
1615 19 12 218 53 45 -1 -1 -1 0 
1616 19 11 216 55 48 -1 -1 -1 0 
1617 19 10 216 57 48 -1 -1 -1 0 
1618 19 9 217 57 47 -1 -1 -1 0 
1619 19 10 217 54 47 -1 -1 -1 0 
1620 19 9 215 54 48 -1 -1 -1 0 
1621 19 7 212 56 51 -1 -1 -1 0 
1622 19 8 210 54 53 -1 -1 -1 0 
1623 19 8 208 54 55 -1 -1 -1 0 
1624 19 8 207 53 57 -1 -1 -1 0 
1625 19 7 208 54 56 -1 -1 -1 0 
1626 19 7 208 54 56 -1 -1 -1 0 
1627 19 7 207 54 57 -1 -1 -1 0 
1628 19 6 205 56 60 -1 -1 -1 0 
1629 19 4 203 58 61 -1 -1 -1 0 
1630 19 4 200 57 63 -1 -1 -1 0 
1631 19 3 198 59 66 -1 -1 -1 0 
1632 19 3 199 60 66 -1 -1 -1 0 
1633 19 3 200 58 64 -1 -1 -1 0 
1634 19 2 199 59 65 -1 -1 -1 0 
1635 19 2 198 55 65 -1 -1 -1 0 
1636 19 1 195 55 68 -1 -1 -1 0 
1637 19 0 194 55 70 -1 -1 -1 0 
1638 19 1 191 52 73 -1 -1 -1 0 
1639 19 1 191 49 73 -1 -1 -1 0 
1640 19 0 192 49 72 -1 -1 -1 0 
1641 19 0 191 50 73 -1 -1 -1 0 
1642 19 1 191 50 72 -1 -1 -1 0 
1643 19 0 189 52 74 -1 -1 -1 0 
1644 19 1 186 51 77 -1 -1 -1 0 
1645 19 0 184 54 79 -1 -1 -1 0 
1646 19 0 183 55 81 -1 -1 -1 0 
1647 19 0 184 56 79 -1 -1 -1 0 
1648 19 1 184 55 79 -1 -1 -1 0 
1649 19 1 184 54 79 -1 -1 -1 0 
1650 19 2 182 51 81 -1 -1 -1 0 
1651 19 2 179 51 83 -1 -1 -1 0 
1652 19 3 177 49 85 -1 -1 -1 0 
1653 19 4 176 48 85 -1 -1 -1 0 
1654 19 4 176 47 85 -1 -1 -1 0 
1655 19 5 176 46 85 -1 -1 -1 0 
1656 19 6 176 49 80 -1 -1 -1 0 
1657 19 7 176 52 86 -1 -1 -1 0 
1658 19 9 174 51 88 -1 -1 -1 0 
1659 19 13 172 48 91 -1 -1 -1 0 
1660 19 15 170 47 93 -1 -1 -1 0 
1661 19 15 170 49 92 -1 -1 -1 0 
1662 19 18 170 48 93 -1 -1 -1 0 
1666 19 24 164 44 98 -1 -1 -1 0 
1667 19 26 162 44 101 -1 -1 -1 0 
1671 19 35 162 40 101 -1 -1 -1 0 
1674 19 41 157 46 105 -1 -1 -1 0 
1675 19 37 155 57 108 -1 -1 -1 0 
1676 19 36 154 60 109 -1 -1 -1 0 
1677 19 34 156 65 107 -1 -1 -1 0 
1678 19 36 156 65 107 -1 -1 -1 0 
1679 19 40 156 62 107 -1 -1 -1 0 
1681 19 63 151 41 112 -1 -1 -1 0 
1682 19 66 150 42 114 -1 -1 -1 0 
1683 19 69 149 41 115 -1 -1 -1 0 
1684 19 72 150 46 114 -1 -1 -1 0 
1685 19 76 151 40 114 -1 -1 -1 0 
1686 19 79 150 40 112 -1 -1 -1 0 
1687 19 83 149 42 115 -1 -1 -1 0 
1688 19 87 147 41 117 -1 -1 -1 0 
1689 19 89 145 43 118 -1 -1 -1 0 
1690 19 86 144 51 120 -1 -1 -1 0 
1691 19 85 144 56 120 -1 -1 -1 0 
1692 19 82 146 64 119 -1 -1 -1 0 
1693 19 85 145 63 119 -1 -1 -1 0 
1694 19 88 144 62 119 -1 -1 -1 0 
1695 19 99 141 53 122 -1 -1 -1 0 
1696 19 113 138 43 125 -1 -1 -1 0 
1697 19 116 137 42 126 -1 -1 -1 0 
1698 19 118 137 47 126 -1 -1 -1 0 
1699 19 120 137 51 125 -1 -1 -1 0 
1700 19 122 136 49 127 -1 -1 -1 0 
1701 19 128 137 44 125 -1 -1 -1 0 
1702 19 135 136 40 122 -1 -1 -1 0 
1703 19 139 136 39 121 -1 -1 -1 0 
1704 19 141 134 42 122 -1 -1 -1 0 
1705 19 137 133 51 125 -1 -1 -1 0 
1706 19 136 132 54 127 -1 -1 -1 0 
1707 19 135 133 62 125 -1 -1 -1 0 
1708 19 142 132 57 125 -1 -1 -1 0 
1709 19 149 127 52 129 -1 -1 -1 0 
1710 19 158 128 47 122 -1 -1 -1 0 
1711 19 168 127 41 123 -1 -1 -1 0 
1712 19 171 126 41 125 -1 -1 -1 0 
1713 19 175 127 45 123 -1 -1 -1 0 
1714 19 178 128 45 121 -1 -1 -1 0 
1715 19 180 128 46 120 -1 -1 -1 0 
1716 19 182 127 45 120 -1 -1 -1 0 
1717 19 190 125 42 119 -1 -1 -1 0 
1718 19 195 123 39 119 -1 -1 -1 0 
1719 19 196 122 42 120 -1 -1 -1 0 
1720 19 200 120 42 124 -1 -1 -1 0 
1721 19 202 123 45 120 -1 -1 -1 0 
1722 19 201 123 51 119 -1 -1 -1 0 
1723 19 206 121 49 120 -1 -1 -1 0 
1724 19 210 121 47 119 -1 -1 -1 0 
1725 19 222 118 40 117 -1 -1 -1 0 
1726 19 227 118 41 117 -1 -1 -1 0 
1727 19 230 115 41 121 -1 -1 -1 0 
1728 19 232 118 52 117 -1 -1 -1 0 
1729 19 235 117 52 117 -1 -1 -1 0 
1730 19 237 116 51 118 -1 -1 -1 0 
1731 19 243 113 47 118 -1 -1 -1 0 
1732 19 252 113 44 117 -1 -1 -1 0 
1733 19 256 113 43 116 -1 -1 -1 0 
1734 19 256 112 47 117 -1 -1 -1 0 
1735 19 253 111 55 119 -1 -1 -1 0 
1736 19 253 112 57 118 -1 -1 -1 0 
1737 19 253 114 63 114 -1 -1 -1 0 
1738 19 265 113 52 113 -1 -1 -1 0 
1739 19 271 111 48 114 -1 -1 -1 0 
1740 19 285 108 37 115 -1 -1 -1 0 
1741 19 290 107 37 114 -1 -1 -1 0 
1742 19 291 106 40 115 -1 -1 -1 0 
1743 19 293 108 42 114 -1 -1 -1 0 
1744 19 296 108 44 111 -1 -1 -1 0 
1745 19 298 107 45 108 -1 -1 -1 0 
1746 19 309 106 39 92 -1 -1 -1 0 
1747 19 314 104 38 82 -1 -1 -1 0 
1748 19 316 104 37 80 -1 -1 -1 0 
1751 19 311 103 56 77 -1 -1 -1 0 
1797 20 294 14 40 72 -1 -1 -1 0 
1798 20 292 13 42 74 -1 -1 -1 0 
1799 20 288 12 42 76 -1 -1 -1 0 
1800 20 287 12 31 76 -1 -1 -1 0 
1801 20 286 13 27 76 -1 -1 -1 0 
1802 20 284 13 26 76 -1 -1 -1 0 
1803 20 272 13 36 75 -1 -1 -1 0 
1803 21 42 234 25 28 -1 -1 -1 0 
1804 20 264 12 41 76 -1 -1 -1 0 
1804 21 35 230 34 33 -1 -1 -1 0 
1805 20 262 12 41 76 -1 -1 -1 0 
1805 21 33 228 39 36 -1 -1 -1 0 
1806 20 262 12 40 76 -1 -1 -1 0 
1806 21 34 227 42 37 -1 -1 -1 0 
1807 20 264 12 34 77 -1 -1 -1 0 
1807 21 35 228 43 36 -1 -1 -1 0 
1808 20 261 13 35 76 -1 -1 -1 0 
1808 21 36 228 42 36 -1 -1 -1 0 
1809 20 256 12 38 77 -1 -1 -1 0 
1809 21 37 228 44 36 -1 -1 -1 0 
1810 20 250 12 42 77 -1 -1 -1 0 
1810 21 37 226 44 37 -1 -1 -1 0 
1811 20 248 12 44 77 -1 -1 -1 0 
1811 21 34 224 49 39 -1 -1 -1 0 
1812 20 246 12 45 78 -1 -1 -1 0 
1812 21 36 221 47 42 -1 -1 -1 0 
1813 20 245 12 45 79 -1 -1 -1 0 
1813 21 37 219 47 44 -1 -1 -1 0 
1814 20 245 13 44 79 -1 -1 -1 0 
1814 21 35 218 50 46 -1 -1 -1 0 
1815 20 248 13 39 79 -1 -1 -1 0 
1815 21 38 219 47 46 -1 -1 -1 0 
1816 20 249 14 37 79 -1 -1 -1 0 
1816 21 42 219 46 45 -1 -1 -1 0 
1817 20 249 14 35 79 -1 -1 -1 0 
1817 21 43 218 47 46 -1 -1 -1 0 
1818 20 249 14 35 79 -1 -1 -1 0 
1818 21 44 216 48 47 -1 -1 -1 0 
1818 23 310 13 20 75 -1 -1 -1 0 
1819 20 250 13 35 80 -1 -1 -1 0 
1819 21 44 213 53 50 -1 -1 -1 0 
1819 23 297 13 31 76 -1 -1 -1 0 
1820 20 249 14 36 80 -1 -1 -1 0 
1820 21 45 211 54 53 -1 -1 -1 0 
1820 23 293 14 35 76 -1 -1 -1 0 
1821 20 249 14 39 80 -1 -1 -1 0 
1821 21 47 210 53 54 -1 -1 -1 0 
1821 23 293 14 36 76 -1 -1 -1 0 
1822 20 251 15 38 80 -1 -1 -1 0 
1822 21 48 211 56 53 -1 -1 -1 0 
1822 23 297 14 31 76 -1 -1 -1 0 
1823 20 253 16 37 80 -1 -1 -1 0 
1823 21 49 211 56 53 -1 -1 -1 0 
1823 23 301 14 28 76 -1 -1 -1 0 
1824 20 254 16 36 80 -1 -1 -1 0 
1824 21 52 210 53 54 -1 -1 -1 0 
1824 23 301 14 28 75 -1 -1 -1 0 
1825 20 254 16 35 80 -1 -1 -1 0 
1825 21 52 208 55 54 -1 -1 -1 0 
1825 23 301 14 28 75 -1 -1 -1 0 
1826 20 254 16 35 80 -1 -1 -1 0 
1826 21 53 207 56 56 -1 -1 -1 0 
1826 23 299 13 28 76 -1 -1 -1 0 
1827 20 255 15 33 81 -1 -1 -1 0 
1827 21 54 204 55 59 -1 -1 -1 0 
1827 23 299 13 28 78 -1 -1 -1 0 
1828 20 255 16 36 81 -1 -1 -1 0 
1828 21 55 202 55 62 -1 -1 -1 0 
1828 23 300 13 27 78 -1 -1 -1 0 
1829 20 256 17 36 81 -1 -1 -1 0 
1829 21 55 202 55 62 -1 -1 -1 0 
1829 23 301 13 25 79 -1 -1 -1 0 
1830 20 259 18 34 80 -1 -1 -1 0 
1830 21 57 203 53 61 -1 -1 -1 0 
1830 23 299 12 27 81 -1 -1 -1 0 
1831 20 262 18 35 80 -1 -1 -1 0 
1831 21 60 203 51 61 -1 -1 -1 0 
1831 23 297 13 31 80 -1 -1 -1 0 
1832 20 263 18 35 80 -1 -1 -1 0 
1832 21 62 203 51 60 -1 -1 -1 0 
1832 23 296 13 32 80 -1 -1 -1 0 
1833 20 267 17 35 81 -1 -1 -1 0 
1833 21 66 200 50 63 -1 -1 -1 0 
1833 23 297 13 31 80 -1 -1 -1 0 
1834 20 269 16 36 82 -1 -1 -1 0 
1834 21 68 198 51 65 -1 -1 -1 0 
1834 23 297 13 30 80 -1 -1 -1 0 
1835 20 270 17 37 82 -1 -1 -1 0 
1835 21 69 196 53 67 -1 -1 -1 0 
1835 23 298 13 29 80 -1 -1 -1 0 
1836 20 272 17 38 82 -1 -1 -1 0 
1836 21 70 194 57 70 -1 -1 -1 0 
1836 23 300 13 26 81 -1 -1 -1 0 
1837 20 272 19 40 80 -1 -1 -1 0 
1837 21 72 195 59 69 -1 -1 -1 0 
1837 23 301 13 26 82 -1 -1 -1 0 
1838 20 274 20 38 80 -1 -1 -1 0 
1838 21 73 195 59 69 -1 -1 -1 0 
1838 23 301 14 26 82 -1 -1 -1 0 
1839 20 275 20 38 81 -1 -1 -1 0 
1839 21 73 195 61 69 -1 -1 -1 0 
1839 23 303 15 24 81 -1 -1 -1 0 
1840 20 275 20 39 82 -1 -1 -1 0 
1840 21 76 194 57 69 -1 -1 -1 0 
1840 23 304 16 24 79 -1 -1 -1 0 
1841 20 277 19 37 83 -1 -1 -1 0 
1841 21 77 192 57 71 -1 -1 -1 0 
1841 23 305 15 22 80 -1 -1 -1 0 
1842 20 280 18 33 84 -1 -1 -1 0 
1842 21 78 190 55 73 -1 -1 -1 0 
1842 23 306 14 21 82 -1 -1 -1 0 
1843 20 280 18 36 84 -1 -1 -1 0 
1843 21 80 187 53 76 -1 -1 -1 0 
1843 23 309 16 19 80 -1 -1 -1 0 
1844 20 283 18 35 84 -1 -1 -1 0 
1844 21 80 186 54 78 -1 -1 -1 0 
1844 23 309 16 20 73 -1 -1 -1 0 
1845 20 284 19 39 84 -1 -1 -1 0 
1845 21 82 187 52 77 -1 -1 -1 0 
1845 23 311 18 18 65 -1 -1 -1 0 
1846 20 287 20 41 83 -1 -1 -1 0 
1846 21 86 188 49 76 -1 -1 -1 0 
1847 20 290 19 39 84 -1 -1 -1 0 
1847 21 88 188 48 75 -1 -1 -1 0 
1848 20 293 16 37 88 -1 -1 -1 0 
1848 21 90 186 50 77 -1 -1 -1 0 
1849 20 295 15 37 89 -1 -1 -1 0 
1849 21 93 183 53 80 -1 -1 -1 0 
1850 20 295 15 39 89 -1 -1 -1 0 
1850 21 94 181 56 83 -1 -1 -1 0 
1851 20 295 16 42 88 -1 -1 -1 0 
1851 21 95 180 58 84 -1 -1 -1 0 
1852 20 299 20 42 85 -1 -1 -1 0 
1852 21 97 180 60 84 -1 -1 -1 0 
1853 20 303 19 38 87 -1 -1 -1 0 
1853 21 99 180 59 84 -1 -1 -1 0 
1854 20 304 21 41 84 -1 -1 -1 0 
1854 21 101 180 57 84 -1 -1 -1 0 
1854 24 297 20 24 79 -1 -1 -1 0 
1855 20 307 22 38 84 -1 -1 -1 0 
1855 21 103 180 55 83 -1 -1 -1 0 
1855 24 298 19 25 80 -1 -1 -1 0 
1856 20 307 24 39 82 -1 -1 -1 0 
1856 21 104 179 54 85 -1 -1 -1 0 
1856 24 298 22 24 76 -1 -1 -1 0 
1857 20 309 25 36 82 -1 -1 -1 0 
1857 21 105 177 53 85 -1 -1 -1 0 
1857 24 301 22 22 76 -1 -1 -1 0 
1857 25 0 165 23 98 -1 -1 -1 0 
1858 20 314 26 30 81 -1 -1 -1 0 
1858 21 106 175 53 87 -1 -1 -1 0 
1858 24 305 19 21 80 -1 -1 -1 0 
1858 25 0 164 30 99 -1 -1 -1 0 
1859 20 315 25 30 83 -1 -1 -1 0 
1859 21 106 173 53 89 -1 -1 -1 0 
1859 24 306 19 21 81 -1 -1 -1 0 
1859 25 0 164 32 99 -1 -1 -1 0 
1860 20 317 25 32 82 -1 -1 -1 0 
1860 21 107 173 52 90 -1 -1 -1 0 
1860 24 308 18 20 81 -1 -1 -1 0 
1860 25 0 165 38 98 -1 -1 -1 0 
1861 20 320 29 38 77 -1 -1 -1 0 
1861 21 109 175 50 89 -1 -1 -1 0 
1861 24 310 17 22 85 -1 -1 -1 0 
1861 25 0 163 42 100 -1 -1 -1 0 
1862 20 322 30 36 77 -1 -1 -1 0 
1862 21 110 175 50 88 -1 -1 -1 0 
1862 24 309 17 23 85 -1 -1 -1 0 
1862 25 0 162 43 101 -1 -1 -1 0 
1863 20 324 30 34 78 -1 -1 -1 0 
1863 21 113 174 47 88 -1 -1 -1 0 
1863 24 311 17 26 86 -1 -1 -1 0 
1863 25 0 160 42 103 -1 -1 -1 0 
1864 20 327 30 32 79 -1 -1 -1 0 
1864 21 114 171 48 92 -1 -1 -1 0 
1864 24 311 17 28 86 -1 -1 -1 0 
1864 25 0 157 40 106 -1 -1 -1 0 
1865 20 328 28 33 81 -1 -1 -1 0 
1865 21 114 169 51 95 -1 -1 -1 0 
1865 24 311 18 29 84 -1 -1 -1 0 
1865 25 0 155 38 109 -1 -1 -1 0 
1866 20 329 25 38 84 -1 -1 -1 0 
1866 21 115 168 52 95 -1 -1 -1 0 
1866 24 312 19 29 83 -1 -1 -1 0 
1866 25 0 156 37 108 -1 -1 -1 0 
1867 20 332 24 35 85 -1 -1 -1 0 
1867 21 116 167 53 96 -1 -1 -1 0 
1867 23 311 19 32 83 -1 -1 -1 0 
1867 24 314 20 28 83 -1 -1 -1 0 
1868 20 334 23 33 86 -1 -1 -1 0 
1868 21 117 167 52 96 -1 -1 -1 0 
1868 23 310 20 35 83 -1 -1 -1 0 
1868 25 0 157 44 107 -1 -1 -1 0 
1869 20 337 25 30 84 -1 -1 -1 0 
1869 21 118 168 52 95 -1 -1 -1 0 
1869 23 310 22 35 81 -1 -1 -1 0 
1869 25 0 157 49 106 -1 -1 -1 0 
1870 20 339 26 28 84 -1 -1 -1 0 
1870 21 120 168 50 94 -1 -1 -1 0 
1870 23 313 18 34 87 -1 -1 -1 0 
1870 25 2 155 53 108 -1 -1 -1 0 
1871 20 341 27 26 83 -1 -1 -1 0 
1871 21 121 167 50 95 -1 -1 -1 0 
1871 23 314 18 34 87 -1 -1 -1 0 
1871 25 3 153 57 111 -1 -1 -1 0 
1872 20 345 27 22 83 -1 -1 -1 0 
1872 21 122 165 49 97 -1 -1 -1 0 
1872 23 317 28 32 76 -1 -1 -1 0 
1872 25 6 151 65 113 -1 -1 -1 0 
1873 20 347 37 20 71 -1 -1 -1 0 
1873 21 122 162 50 100 -1 -1 -1 0 
1873 23 322 29 29 76 -1 -1 -1 0 
1873 25 9 149 68 114 -1 -1 -1 0 
1874 20 349 38 18 70 -1 -1 -1 0 
1874 21 122 161 53 102 -1 -1 -1 0 
1874 23 324 20 30 85 -1 -1 -1 0 
1875 21 123 161 52 102 -1 -1 -1 0 
1875 23 325 21 36 84 -1 -1 -1 0 
1875 25 14 150 69 113 -1 -1 -1 0 
1876 21 124 162 51 101 -1 -1 -1 0 
1876 23 328 21 38 84 -1 -1 -1 0 
1876 25 17 150 69 112 -1 -1 -1 0 
1877 21 126 162 49 101 -1 -1 -1 0 
1877 23 329 19 38 87 -1 -1 -1 0 
1877 25 20 149 68 113 -1 -1 -1 0 
1878 21 129 162 46 100 -1 -1 -1 0 
1878 23 329 18 38 88 -1 -1 -1 0 
1878 25 23 147 63 115 -1 -1 -1 0 
1879 21 132 160 47 102 -1 -1 -1 0 
1879 23 331 19 36 88 -1 -1 -1 0 
1879 25 27 144 58 119 -1 -1 -1 0 
1880 21 133 159 49 104 -1 -1 -1 0 
1880 23 331 20 36 88 -1 -1 -1 0 
1880 25 29 143 54 121 -1 -1 -1 0 
1881 21 135 157 49 105 -1 -1 -1 0 
1881 23 333 21 34 87 -1 -1 -1 0 
1881 25 32 143 50 121 -1 -1 -1 0 
1882 21 136 156 50 106 -1 -1 -1 0 
1882 23 335 22 32 86 -1 -1 -1 0 
1882 25 34 144 52 120 -1 -1 -1 0 
1883 21 136 155 54 108 -1 -1 -1 0 
1883 23 336 22 31 86 -1 -1 -1 0 
1883 25 37 144 50 120 -1 -1 -1 0 
1884 21 139 156 52 107 -1 -1 -1 0 
1884 23 338 22 29 85 -1 -1 -1 0 
1884 25 40 144 49 120 -1 -1 -1 0 
1885 21 141 157 52 106 -1 -1 -1 0 
1885 23 343 21 24 86 -1 -1 -1 0 
1885 25 45 143 48 120 -1 -1 -1 0 
1886 21 143 157 50 105 -1 -1 -1 0 
1886 23 345 21 22 86 -1 -1 -1 0 
1886 25 46 142 51 122 -1 -1 -1 0 
1887 21 145 155 48 109 -1 -1 -1 0 
1887 23 347 22 20 86 -1 -1 -1 0 
1887 25 48 140 58 122 -1 -1 -1 0 
1888 21 147 153 47 111 -1 -1 -1 0 
1888 23 350 34 17 72 -1 -1 -1 0 
1888 25 51 139 62 124 -1 -1 -1 0 
1889 21 148 151 48 113 -1 -1 -1 0 
1889 23 352 36 15 71 -1 -1 -1 0 
1889 25 53 139 64 124 -1 -1 -1 0 
1890 21 149 150 48 115 -1 -1 -1 0 
1890 23 353 37 14 70 -1 -1 -1 0 
1891 21 151 151 47 113 -1 -1 -1 0 
1891 25 57 139 67 124 -1 -1 -1 0 
1892 21 153 152 46 112 -1 -1 -1 0 
1892 25 60 139 66 123 -1 -1 -1 0 
1893 21 157 152 43 113 -1 -1 -1 0 
1893 25 64 137 62 125 -1 -1 -1 0 
1894 21 160 150 45 114 -1 -1 -1 0 
1894 25 68 133 56 131 -1 -1 -1 0 
1895 21 163 149 43 115 -1 -1 -1 0 
1895 25 72 131 52 133 -1 -1 -1 0 
1896 21 164 147 47 117 -1 -1 -1 0 
1896 25 74 131 48 133 -1 -1 -1 0 
1897 21 166 145 49 119 -1 -1 -1 0 
1897 25 77 133 61 131 -1 -1 -1 0 
1898 21 168 144 49 120 -1 -1 -1 0 
1898 25 80 134 60 130 -1 -1 -1 0 
1899 21 170 146 50 118 -1 -1 -1 0 
1899 25 85 133 54 132 -1 -1 -1 0 
1900 21 172 146 51 118 -1 -1 -1 0 
1900 25 90 131 48 134 -1 -1 -1 0 
1901 21 175 146 49 118 -1 -1 -1 0 
1901 25 92 129 47 135 -1 -1 -1 0 
1902 21 176 144 48 118 -1 -1 -1 0 
1902 25 95 129 52 134 -1 -1 -1 0 
1903 21 179 141 45 121 -1 -1 -1 0 
1903 25 97 128 60 134 -1 -1 -1 0 
1904 21 180 140 46 123 -1 -1 -1 0 
1904 25 99 127 62 135 -1 -1 -1 0 
1905 21 182 140 44 123 -1 -1 -1 0 
1905 25 100 128 66 134 -1 -1 -1 0 
1906 21 183 140 45 124 -1 -1 -1 0 
1906 25 104 128 66 134 -1 -1 -1 0 
1907 21 185 140 44 124 -1 -1 -1 0 
1907 25 106 128 65 134 -1 -1 -1 0 
1908 21 188 141 43 123 -1 -1 -1 0 
1908 25 109 126 64 133 -1 -1 -1 0 
1909 21 192 140 42 123 -1 -1 -1 0 
1909 25 115 124 57 133 -1 -1 -1 0 
1910 21 195 139 41 123 -1 -1 -1 0 
1910 25 117 121 53 135 -1 -1 -1 0 
1911 21 196 136 45 126 -1 -1 -1 0 
1911 25 121 120 47 138 -1 -1 -1 0 
1912 21 198 134 48 128 -1 -1 -1 0 
1912 25 124 121 52 137 -1 -1 -1 0 
1913 21 201 134 48 128 -1 -1 -1 0 
1913 25 126 122 57 136 -1 -1 -1 0 
1914 21 203 135 49 127 -1 -1 -1 0 
1914 25 130 123 55 134 -1 -1 -1 0 
1915 21 206 135 48 127 -1 -1 -1 0 
1915 25 135 122 49 132 -1 -1 -1 0 
1916 21 207 135 48 127 -1 -1 -1 0 
1916 25 138 122 46 131 -1 -1 -1 0 
1917 21 208 134 49 126 -1 -1 -1 0 
1917 25 141 120 48 130 -1 -1 -1 0 
1918 21 212 131 46 127 -1 -1 -1 0 
1918 25 144 119 56 129 -1 -1 -1 0 
1919 21 213 130 45 128 -1 -1 -1 0 
1919 25 146 118 58 131 -1 -1 -1 0 
1920 21 215 129 44 129 -1 -1 -1 0 
1920 25 147 118 62 131 -1 -1 -1 0 
1921 21 217 130 42 129 -1 -1 -1 0 
1921 25 149 118 66 131 -1 -1 -1 0 
1922 21 219 130 42 128 -1 -1 -1 0 
1922 25 152 119 65 130 -1 -1 -1 0 
1923 21 222 130 41 128 -1 -1 -1 0 
1923 25 155 118 63 130 -1 -1 -1 0 
1924 21 226 130 39 127 -1 -1 -1 0 
1924 25 159 115 59 127 -1 -1 -1 0 
1925 21 228 128 39 128 -1 -1 -1 0 
1925 25 163 114 54 127 -1 -1 -1 0 
1926 21 230 126 41 128 -1 -1 -1 0 
1926 25 169 113 45 128 -1 -1 -1 0 
1927 21 232 125 44 128 -1 -1 -1 0 
1927 25 172 112 54 130 -1 -1 -1 0 
1928 21 234 124 46 128 -1 -1 -1 0 
1928 25 174 113 58 129 -1 -1 -1 0 
1929 21 236 125 50 128 -1 -1 -1 0 
1929 25 178 114 57 128 -1 -1 -1 0 
1930 21 239 125 50 127 -1 -1 -1 0 
1930 25 183 114 51 127 -1 -1 -1 0 
1931 21 241 125 50 127 -1 -1 -1 0 
1931 25 184 113 50 127 -1 -1 -1 0 
1932 21 243 124 50 124 -1 -1 -1 0 
1932 25 189 111 46 124 -1 -1 -1 0 
1933 21 246 123 47 122 -1 -1 -1 0 
1933 25 193 110 48 125 -1 -1 -1 0 
1934 21 248 121 44 123 -1 -1 -1 0 
1934 25 194 109 55 127 -1 -1 -1 0 
1935 21 250 120 42 125 -1 -1 -1 0 
1935 25 197 108 55 128 -1 -1 -1 0 
1936 21 252 121 42 124 -1 -1 -1 0 
1936 25 200 109 58 126 -1 -1 -1 0 
1937 21 255 121 41 122 -1 -1 -1 0 
1937 25 202 109 59 126 -1 -1 -1 0 
1938 21 259 122 37 121 -1 -1 -1 0 
1938 25 204 108 60 127 -1 -1 -1 0 
1939 21 261 121 39 120 -1 -1 -1 0 
1939 25 209 106 61 124 -1 -1 -1 0 
1940 21 264 121 37 118 -1 -1 -1 0 
1940 25 213 104 54 124 -1 -1 -1 0 
1941 21 268 118 37 121 -1 -1 -1 0 
1941 25 220 103 42 124 -1 -1 -1 0 
1942 21 269 117 44 122 -1 -1 -1 0 
1942 25 223 102 47 125 -1 -1 -1 0 
1943 21 270 116 47 123 -1 -1 -1 0 
1943 25 225 103 51 124 -1 -1 -1 0 
1944 21 274 117 49 122 -1 -1 -1 0 
1944 25 228 103 54 124 -1 -1 -1 0 
1945 21 277 117 51 122 -1 -1 -1 0 
1945 25 232 103 53 124 -1 -1 -1 0 
1946 21 279 117 52 122 -1 -1 -1 0 
1946 25 234 103 49 123 -1 -1 -1 0 
1947 21 282 116 51 102 -1 -1 -1 0 
1947 25 238 102 47 121 -1 -1 -1 0 
1948 21 286 116 46 100 -1 -1 -1 0 
1948 25 247 100 41 121 -1 -1 -1 0 
1949 21 287 115 44 103 -1 -1 -1 0 
1949 25 251 99 40 121 -1 -1 -1 0 
1950 21 291 113 38 103 -1 -1 -1 0 
1950 25 251 99 45 122 -1 -1 -1 0 
1951 21 294 113 38 101 -1 -1 -1 0 
1951 25 254 99 47 123 -1 -1 -1 0 
1952 21 298 114 34 99 -1 -1 -1 0 
1952 25 256 99 48 123 -1 -1 -1 0 
1953 21 301 114 35 92 -1 -1 -1 0 
1953 25 261 99 48 123 -1 -1 -1 0 
1954 21 307 113 33 86 -1 -1 -1 0 
1954 25 268 97 45 121 -1 -1 -1 0 
1955 21 311 113 31 84 -1 -1 -1 0 
1955 25 272 96 43 119 -1 -1 -1 0 
1956 21 313 112 33 82 -1 -1 -1 0 
1956 25 282 95 37 118 -1 -1 -1 0 
1957 21 314 110 41 82 -1 -1 -1 0 
1957 25 288 94 32 120 -1 -1 -1 0 
1958 21 313 109 48 84 -1 -1 -1 0 
1958 25 291 93 32 121 -1 -1 -1 0 
1959 21 315 109 52 81 -1 -1 -1 0 
1959 25 294 94 34 120 -1 -1 -1 0 
1960 21 320 110 47 74 -1 -1 -1 0 
1960 25 294 95 41 120 -1 -1 -1 0 
1961 21 323 111 44 72 -1 -1 -1 0 
1961 25 295 95 44 120 -1 -1 -1 0 
1962 21 327 110 40 71 -1 -1 -1 0 
1962 25 303 95 43 106 -1 -1 -1 0 
1963 21 332 108 35 70 -1 -1 -1 0 
1963 25 315 93 37 100 -1 -1 -1 0 
1964 21 333 107 34 74 -1 -1 -1 0 
1964 25 318 92 36 83 -1 -1 -1 0 
1965 21 337 106 30 74 -1 -1 -1 0 
1965 25 320 92 38 81 -1 -1 -1 0 
1966 21 339 105 28 74 -1 -1 -1 0 
1967 25 323 92 43 83 -1 -1 -1 0 
1968 25 328 91 39 86 -1 -1 -1 0 
1969 25 334 89 33 86 -1 -1 -1 0 
2168 26 340 96 27 83 -1 -1 -1 0 
2169 26 323 95 44 84 -1 -1 -1 0 
2170 26 310 95 56 85 -1 -1 -1 0 
2171 26 306 96 56 84 -1 -1 -1 0 
2172 26 301 98 60 85 -1 -1 -1 0 
2173 26 298 99 56 89 -1 -1 -1 0 
2174 26 296 98 56 89 -1 -1 -1 0 
2175 26 298 98 49 93 -1 -1 -1 0 
2176 26 303 99 40 99 -1 -1 -1 0 
2177 26 301 100 41 101 -1 -1 -1 0 
2178 26 289 103 48 109 -1 -1 -1 0 
2179 26 289 103 45 112 -1 -1 -1 0 
2180 26 288 104 43 111 -1 -1 -1 0 
2181 26 287 104 39 110 -1 -1 -1 0 
2182 26 279 103 44 111 -1 -1 -1 0 
2183 26 272 103 50 112 -1 -1 -1 0 
2184 26 264 105 55 112 -1 -1 -1 0 
2185 26 259 107 58 113 -1 -1 -1 0 
2186 26 258 108 57 112 -1 -1 -1 0 
2187 26 257 108 56 112 -1 -1 -1 0 
2188 26 258 108 51 112 -1 -1 -1 0 
2189 26 259 107 48 112 -1 -1 -1 0 
2190 26 262 107 42 113 -1 -1 -1 0 
2191 26 258 109 44 114 -1 -1 -1 0 
2192 26 255 110 45 115 -1 -1 -1 0 
2193 26 256 112 41 114 -1 -1 -1 0 
2194 26 253 113 43 113 -1 -1 -1 0 
2195 26 252 113 42 113 -1 -1 -1 0 
2196 26 246 113 46 113 -1 -1 -1 0 
2197 26 240 114 48 115 -1 -1 -1 0 
2198 26 235 114 53 115 -1 -1 -1 0 
2199 26 231 116 54 116 -1 -1 -1 0 
2200 26 230 117 54 117 -1 -1 -1 0 
2201 26 230 118 53 116 -1 -1 -1 0 
2202 26 231 117 50 117 -1 -1 -1 0 
2203 26 232 117 46 119 -1 -1 -1 0 
2204 26 233 118 45 118 -1 -1 -1 0 
2205 26 232 121 45 116 -1 -1 -1 0 
2206 26 232 123 42 117 -1 -1 -1 0 
2207 26 229 124 44 117 -1 -1 -1 0 
2208 26 226 124 47 117 -1 -1 -1 0 
2209 26 219 123 51 118 -1 -1 -1 0 
2210 26 217 123 52 118 -1 -1 -1 0 
2211 26 216 125 51 119 -1 -1 -1 0 
2212 26 213 126 54 120 -1 -1 -1 0 
2213 26 212 127 54 121 -1 -1 -1 0 
2214 26 209 128 56 120 -1 -1 -1 0 
2215 26 207 129 56 119 -1 -1 -1 0 
2216 26 206 128 56 120 -1 -1 -1 0 
2217 26 207 128 55 121 -1 -1 -1 0 
2218 26 209 130 54 121 -1 -1 -1 0 
2219 26 210 132 53 121 -1 -1 -1 0 
2220 26 212 134 49 121 -1 -1 -1 0 
2221 26 211 135 50 121 -1 -1 -1 0 
2222 26 208 135 53 121 -1 -1 -1 0 
2223 26 207 133 53 123 -1 -1 -1 0 
2224 26 206 133 54 125 -1 -1 -1 0 
2225 26 206 134 54 125 -1 -1 -1 0 
2226 26 206 138 55 123 -1 -1 -1 0 
2227 26 206 139 55 123 -1 -1 -1 0 
2228 26 207 140 55 121 -1 -1 -1 0 
2229 26 208 140 53 121 -1 -1 -1 0 
2230 26 208 139 55 121 -1 -1 -1 0 
2231 26 208 139 57 122 -1 -1 -1 0 
2232 26 209 141 58 121 -1 -1 -1 0 
2233 26 210 144 59 120 -1 -1 -1 0 
2234 26 211 145 58 119 -1 -1 -1 0 
2235 26 212 146 57 117 -1 -1 -1 0 
2236 26 215 145 55 117 -1 -1 -1 0 
2237 26 215 145 56 118 -1 -1 -1 0 
2238 26 220 145 54 118 -1 -1 -1 0 
2239 26 224 147 52 117 -1 -1 -1 0 
2240 26 225 149 53 115 -1 -1 -1 0 
2241 26 229 150 51 114 -1 -1 -1 0 
2242 26 232 151 51 112 -1 -1 -1 0 
2243 26 234 151 52 112 -1 -1 -1 0 
2244 26 237 150 53 113 -1 -1 -1 0 
2245 26 237 150 57 113 -1 -1 -1 0 
2246 26 238 152 59 111 -1 -1 -1 0 
2247 26 240 154 61 109 -1 -1 -1 0 
2248 26 247 155 58 109 -1 -1 -1 0 
2249 26 251 156 59 107 -1 -1 -1 0 
2250 26 259 156 53 106 -1 -1 -1 0 
2251 26 271 155 48 108 -1 -1 -1 0 
2252 26 276 155 47 108 -1 -1 -1 0 
2253 26 281 157 49 107 -1 -1 -1 0 
2254 26 286 160 52 104 -1 -1 -1 0 
2255 26 290 161 51 102 -1 -1 -1 0 
2256 26 300 161 47 103 -1 -1 -1 0 
2257 26 306 160 47 103 -1 -1 -1 0 
2258 26 310 159 49 103 -1 -1 -1 0 
2259 26 311 160 54 103 -1 -1 -1 0 
2260 26 311 162 56 100 -1 -1 -1 0 
2261 26 314 164 53 98 -1 -1 -1 0 
2262 26 318 166 49 97 -1 -1 -1 0 
2263 26 327 167 40 95 -1 -1 -1 0 
2264 26 336 167 31 95 -1 -1 -1 0 
2265 26 351 167 16 96 -1 -1 -1 0 
2426 27 339 104 28 76 -1 -1 -1 0 
2427 27 335 104 32 76 -1 -1 -1 0 
2428 27 337 105 30 76 -1 -1 -1 0 
2429 27 338 106 29 74 -1 -1 -1 0 
2430 27 335 108 32 73 -1 -1 -1 0 
2431 27 332 109 35 74 -1 -1 -1 0 
2432 27 330 109 36 74 -1 -1 -1 0 
2433 27 326 108 39 75 -1 -1 -1 0 
2433 28 347 22 20 85 -1 -1 -1 0 
2434 27 323 108 43 78 -1 -1 -1 0 
2434 28 345 21 22 86 -1 -1 -1 0 
2435 27 321 108 42 81 -1 -1 -1 0 
2435 28 343 21 24 87 -1 -1 -1 0 
2436 27 316 109 45 79 -1 -1 -1 0 
2436 28 337 20 30 87 -1 -1 -1 0 
2437 27 310 111 48 75 -1 -1 -1 0 
2437 28 325 20 39 87 -1 -1 -1 0 
2438 27 308 113 48 74 -1 -1 -1 0 
2438 28 323 19 42 87 -1 -1 -1 0 
2439 27 293 114 59 77 -1 -1 -1 0 
2439 28 322 23 43 83 -1 -1 -1 0 
2440 27 292 114 57 80 -1 -1 -1 0 
2440 28 323 19 36 88 -1 -1 -1 0 
2441 27 293 113 55 83 -1 -1 -1 0 
2441 28 323 17 34 89 -1 -1 -1 0 
2442 27 297 113 47 85 -1 -1 -1 0 
2442 28 321 17 32 88 -1 -1 -1 0 
2443 27 294 113 48 87 -1 -1 -1 0 
2443 28 317 17 32 87 -1 -1 -1 0 
2444 27 296 114 46 88 -1 -1 -1 0 
2444 28 314 16 33 87 -1 -1 -1 0 
2445 27 300 116 39 94 -1 -1 -1 0 
2445 28 310 17 36 87 -1 -1 -1 0 
2446 27 297 118 40 93 -1 -1 -1 0 
2446 28 304 16 41 89 -1 -1 -1 0 
2447 27 296 118 38 102 -1 -1 -1 0 
2447 28 302 15 42 89 -1 -1 -1 0 
2448 27 292 118 41 105 -1 -1 -1 0 
2448 28 301 15 41 89 -1 -1 -1 0 
2449 27 288 118 40 105 -1 -1 -1 0 
2449 28 302 16 39 87 -1 -1 -1 0 
2450 27 285 117 42 106 -1 -1 -1 0 
2450 28 303 15 37 87 -1 -1 -1 0 
2451 27 282 117 44 106 -1 -1 -1 0 
2451 28 306 16 33 85 -1 -1 -1 0 
2452 27 279 121 44 114 -1 -1 -1 0 
2452 28 307 20 29 81 -1 -1 -1 0 
2453 27 275 121 47 118 -1 -1 -1 0 
2453 28 304 18 31 84 -1 -1 -1 0 
2454 27 263 123 58 117 -1 -1 -1 0 
2454 28 302 17 31 86 -1 -1 -1 0 
2455 27 266 123 52 117 -1 -1 -1 0 
2455 28 301 17 31 86 -1 -1 -1 0 
2456 27 269 123 47 117 -1 -1 -1 0 
2456 28 302 16 29 87 -1 -1 -1 0 
2457 27 267 123 46 117 -1 -1 -1 0 
2457 28 301 15 32 87 -1 -1 -1 0 
2458 27 267 122 43 118 -1 -1 -1 0 
2458 28 300 16 33 84 -1 -1 -1 0 
2459 27 267 123 41 118 -1 -1 -1 0 
2459 28 299 16 33 83 -1 -1 -1 0 
2460 27 265 123 42 121 -1 -1 -1 0 
2460 28 297 16 33 83 -1 -1 -1 0 
2461 27 265 126 41 120 -1 -1 -1 0 
2461 28 294 15 35 84 -1 -1 -1 0 
2462 27 263 126 41 120 -1 -1 -1 0 
2462 28 292 15 37 84 -1 -1 -1 0 
2463 27 261 126 40 120 -1 -1 -1 0 
2463 28 291 16 36 83 -1 -1 -1 0 
2464 27 258 126 41 120 -1 -1 -1 0 
2464 28 291 17 36 82 -1 -1 -1 0 
2465 27 255 125 43 121 -1 -1 -1 0 
2465 28 291 17 36 81 -1 -1 -1 0 
2466 27 252 125 45 121 -1 -1 -1 0 
2466 28 292 16 34 81 -1 -1 -1 0 
2467 27 250 127 46 121 -1 -1 -1 0 
2467 28 294 15 31 81 -1 -1 -1 0 
2468 27 246 127 49 122 -1 -1 -1 0 
2468 28 294 14 30 82 -1 -1 -1 0 
2469 27 233 129 61 123 -1 -1 -1 0 
2469 28 295 15 31 81 -1 -1 -1 0 
2470 27 236 130 54 123 -1 -1 -1 0 
2470 28 295 15 31 81 -1 -1 -1 0 
2471 27 241 131 47 122 -1 -1 -1 0 
2471 28 294 14 32 82 -1 -1 -1 0 
2472 27 239 130 48 123 -1 -1 -1 0 
2472 28 292 15 32 81 -1 -1 -1 0 
2473 27 239 129 45 124 -1 -1 -1 0 
2473 28 291 15 31 80 -1 -1 -1 0 
2474 27 239 129 44 124 -1 -1 -1 0 
2474 28 291 14 29 80 -1 -1 -1 0 
2475 27 235 129 48 126 -1 -1 -1 0 
2475 28 290 13 29 81 -1 -1 -1 0 
2476 27 232 132 51 126 -1 -1 -1 0 
2476 28 289 12 31 81 -1 -1 -1 0 
2477 27 231 133 49 126 -1 -1 -1 0 
2477 28 290 12 29 81 -1 -1 -1 0 
2478 27 229 134 50 126 -1 -1 -1 0 
2478 28 290 12 29 81 -1 -1 -1 0 
2479 27 228 134 47 126 -1 -1 -1 0 
2479 28 291 12 28 81 -1 -1 -1 0 
2480 27 226 133 49 126 -1 -1 -1 0 
2480 28 291 13 29 80 -1 -1 -1 0 
2481 27 226 132 49 127 -1 -1 -1 0 
2481 28 293 13 27 80 -1 -1 -1 0 
2482 27 223 132 52 129 -1 -1 -1 0 
2482 28 294 13 29 77 -1 -1 -1 0 
2483 27 219 134 55 128 -1 -1 -1 0 
2483 28 295 12 27 77 -1 -1 -1 0 
2484 27 206 137 63 126 -1 -1 -1 0 
2484 28 296 12 26 77 -1 -1 -1 0 
2485 27 205 138 65 121 -1 -1 -1 0 
2485 28 298 12 24 77 -1 -1 -1 0 
2486 27 205 139 62 121 -1 -1 -1 0 
2486 28 298 11 24 78 -1 -1 -1 0 
2487 27 208 138 54 124 -1 -1 -1 0 
2487 28 299 11 23 78 -1 -1 -1 0 
2488 27 211 138 49 125 -1 -1 -1 0 
2488 28 301 12 25 78 -1 -1 -1 0 
2489 27 210 138 49 125 -1 -1 -1 0 
2489 28 301 12 27 78 -1 -1 -1 0 
2490 27 210 139 49 124 -1 -1 -1 0 
2491 27 209 141 49 122 -1 -1 -1 0 
2492 27 209 143 47 120 -1 -1 -1 0 
2493 27 208 145 46 118 -1 -1 -1 0 
2494 27 205 145 51 118 -1 -1 -1 0 
2495 27 205 144 49 119 -1 -1 -1 0 
2496 27 202 143 49 120 -1 -1 -1 0 
2497 27 196 144 56 119 -1 -1 -1 0 
2498 27 196 145 54 117 -1 -1 -1 0 
2499 27 189 147 62 117 -1 -1 -1 0 
2500 27 185 150 64 115 -1 -1 -1 0 
2501 27 184 151 63 113 -1 -1 -1 0 
2502 27 183 151 63 113 -1 -1 -1 0 
2503 27 184 151 60 113 -1 -1 -1 0 
2504 27 184 150 60 114 -1 -1 -1 0 
2505 27 187 150 57 115 -1 -1 -1 0 
2506 27 192 152 52 113 -1 -1 -1 0 
2507 27 190 153 55 111 -1 -1 -1 0 
2508 27 190 156 54 108 -1 -1 -1 0 
2509 27 190 157 53 106 -1 -1 -1 0 
2510 27 189 157 53 106 -1 -1 -1 0 
2511 27 187 156 54 108 -1 -1 -1 0 
2512 27 186 155 54 109 -1 -1 -1 0 
2513 27 181 156 57 108 -1 -1 -1 0 
2514 27 176 157 62 106 -1 -1 -1 0 
2515 27 171 161 64 102 -1 -1 -1 0 
2516 27 167 163 67 99 -1 -1 -1 0 
2517 27 167 164 65 99 -1 -1 -1 0 
2518 27 169 164 63 99 -1 -1 -1 0 
2519 27 181 163 50 99 -1 -1 -1 0 
2520 27 173 163 59 99 -1 -1 -1 0 
2521 27 175 165 55 99 -1 -1 -1 0 
2522 27 175 166 56 98 -1 -1 -1 0 
2523 27 175 168 56 96 -1 -1 -1 0 
2524 27 176 169 51 95 -1 -1 -1 0 
2525 27 173 170 53 93 -1 -1 -1 0 
2526 27 170 169 53 94 -1 -1 -1 0 
2527 27 167 168 52 95 -1 -1 -1 0 
2528 27 163 167 54 96 -1 -1 -1 0 
2529 27 154 169 61 94 -1 -1 -1 0 
2530 27 149 172 65 91 -1 -1 -1 0 
2531 27 148 174 65 89 -1 -1 -1 0 
2532 27 146 174 67 90 -1 -1 -1 0 
2533 27 142 175 71 88 -1 -1 -1 0 
2534 27 142 174 71 90 -1 -1 -1 0 
2535 27 146 173 62 91 -1 -1 -1 0 
2536 27 146 175 60 89 -1 -1 -1 0 
2537 27 146 176 64 88 -1 -1 -1 0 
2538 27 147 179 64 86 -1 -1 -1 0 
2539 27 146 181 61 83 -1 -1 -1 0 
2540 27 147 182 58 81 -1 -1 -1 0 
2541 27 146 182 56 81 -1 -1 -1 0 
2542 27 144 182 57 82 -1 -1 -1 0 
2543 27 143 182 56 82 -1 -1 -1 0 
2544 27 136 183 64 82 -1 -1 -1 0 
2545 27 133 186 66 78 -1 -1 -1 0 
2546 27 133 188 66 76 -1 -1 -1 0 
2547 27 135 190 59 73 -1 -1 -1 0 
2548 27 135 191 55 72 -1 -1 -1 0 
2549 27 136 190 52 73 -1 -1 -1 0 
2550 27 135 190 52 73 -1 -1 -1 0 
2551 27 134 190 53 73 -1 -1 -1 0 
2552 27 134 192 53 71 -1 -1 -1 0 
2553 27 134 194 52 70 -1 -1 -1 0 
2554 27 133 196 51 68 -1 -1 -1 0 
2555 27 134 197 50 66 -1 -1 -1 0 
2556 27 133 197 48 67 -1 -1 -1 0 
2557 27 131 196 48 67 -1 -1 -1 0 
2558 27 130 196 50 67 -1 -1 -1 0 
2559 27 127 196 54 68 -1 -1 -1 0 
2560 27 125 199 54 65 -1 -1 -1 0 
2561 27 124 201 56 63 -1 -1 -1 0 
2562 27 125 203 53 60 -1 -1 -1 0 
2563 27 127 203 50 60 -1 -1 -1 0 
2564 27 127 202 49 61 -1 -1 -1 0 
2565 27 128 201 48 62 -1 -1 -1 0 
2566 27 125 201 52 63 -1 -1 -1 0 
2567 27 126 202 51 62 -1 -1 -1 0 
2568 27 126 206 50 58 -1 -1 -1 0 
2569 27 125 208 49 56 -1 -1 -1 0 
2570 27 125 209 47 54 -1 -1 -1 0 
2571 27 124 209 48 54 -1 -1 -1 0 
2572 27 121 208 49 55 -1 -1 -1 0 
2573 27 120 208 51 55 -1 -1 -1 0 
2574 27 118 208 53 56 -1 -1 -1 0 
2575 27 116 212 54 52 -1 -1 -1 0 
2576 27 116 214 53 50 -1 -1 -1 0 
2577 27 117 216 49 48 -1 -1 -1 0 
2578 27 119 218 45 45 -1 -1 -1 0 
2579 27 118 218 46 45 -1 -1 -1 0 
2580 27 118 217 45 46 -1 -1 -1 0 
2581 27 118 217 44 46 -1 -1 -1 0 
2582 27 117 218 46 46 -1 -1 -1 0 
2583 27 115 223 46 41 -1 -1 -1 0 
2584 27 112 225 46 39 -1 -1 -1 0 
2585 27 112 227 43 36 -1 -1 -1 0 
2586 27 111 228 43 35 -1 -1 -1 0 
2587 27 109 226 45 37 -1 -1 -1 0 
2588 27 109 226 44 37 -1 -1 -1 0 
2589 27 104 226 48 38 -1 -1 -1 0 
2590 27 106 230 43 34 -1 -1 -1 0 
2591 27 106 233 41 31 -1 -1 -1 0 
2592 27 109 236 31 28 -1 -1 -1 0 
2593 27 110 236 31 28 -1 -1 -1 0 
2594 27 110 237 30 26 -1 -1 -1 0 
2595 27 107 235 31 28 -1 -1 -1 0 
2596 27 105 235 31 29 -1 -1 -1 0 
2597 27 104 236 31 28 -1 -1 -1 0 
2598 27 106 240 28 24 -1 -1 -1 0 
2599 27 104 244 27 20 -1 -1 -1 0 
2600 27 103 246 26 17 -1 -1 -1 0 
2601 27 100 246 25 17 -1 -1 -1 0 
2602 27 99 245 25 18 -1 -1 -1 0 
2603 27 99 244 24 20 -1 -1 -1 0 
2604 27 97 245 28 19 -1 -1 -1 0 
2615 30 344 24 23 84 -1 -1 -1 0 
2616 30 342 24 25 85 -1 -1 -1 0 
2617 30 338 23 29 76 -1 -1 -1 0 
2618 30 338 22 28 85 -1 -1 -1 0 
2619 30 321 30 44 77 -1 -1 -1 0 
2620 30 320 32 40 76 -1 -1 -1 0 
2621 30 318 30 41 78 -1 -1 -1 0 
2622 30 318 32 41 75 -1 -1 -1 0 
2623 30 321 32 35 75 -1 -1 -1 0 
2624 30 320 31 34 75 -1 -1 -1 0 
2625 30 315 27 30 78 -1 -1 -1 0 
2626 30 310 26 34 79 -1 -1 -1 0 
2627 30 308 21 35 85 -1 -1 -1 0 
2628 30 305 19 36 87 -1 -1 -1 0 
2629 30 302 19 38 86 -1 -1 -1 0 
2630 30 301 19 37 86 -1 -1 -1 0 
2631 30 300 20 37 83 -1 -1 -1 0 
2632 30 300 19 34 84 -1 -1 -1 0 
2633 30 299 17 34 85 -1 -1 -1 0 
2634 30 299 18 34 83 -1 -1 -1 0 
2635 30 297 16 33 86 -1 -1 -1 0 
2636 30 295 16 35 85 -1 -1 -1 0 
2637 30 294 17 33 84 -1 -1 -1 0 
2638 30 292 18 33 84 -1 -1 -1 0 
2639 30 292 18 31 85 -1 -1 -1 0 
2640 30 289 17 33 83 -1 -1 -1 0 
2641 30 288 16 32 83 -1 -1 -1 0 
2642 30 287 15 33 83 -1 -1 -1 0 
2643 30 286 16 34 82 -1 -1 -1 0 
2644 30 285 16 33 83 -1 -1 -1 0 
2645 30 285 17 34 82 -1 -1 -1 0 
2646 30 285 16 32 82 -1 -1 -1 0 
2647 30 284 17 34 81 -1 -1 -1 0 
2648 30 284 17 35 80 -1 -1 -1 0 
2649 30 285 15 33 82 -1 -1 -1 0 
2650 30 284 14 34 82 -1 -1 -1 0 
2651 30 284 14 34 82 -1 -1 -1 0 
2652 30 283 15 35 80 -1 -1 -1 0 
2653 30 283 15 33 81 -1 -1 -1 0 
2654 30 282 15 34 81 -1 -1 -1 0 
2655 30 283 14 31 82 -1 -1 -1 0 
2656 30 282 13 32 82 -1 -1 -1 0 
2657 30 282 12 33 82 -1 -1 -1 0 
2658 30 282 12 32 81 -1 -1 -1 0 
2659 30 282 12 33 80 -1 -1 -1 0 
2660 30 284 12 30 80 -1 -1 -1 0 
2661 30 284 12 32 80 -1 -1 -1 0 
2662 30 287 12 30 80 -1 -1 -1 0 
2663 30 287 12 32 80 -1 -1 -1 0 
2664 30 289 13 32 78 -1 -1 -1 0 
2665 30 291 13 32 77 -1 -1 -1 0 
2666 30 293 12 30 77 -1 -1 -1 0 
2667 30 294 12 31 77 -1 -1 -1 0 
2668 30 295 12 33 77 -1 -1 -1 0 
2669 30 297 12 31 77 -1 -1 -1 0 
2670 30 297 13 32 76 -1 -1 -1 0 
2671 30 299 14 30 75 -1 -1 -1 0 
2672 30 301 15 29 73 -1 -1 -1 0 
2673 30 304 14 27 73 -1 -1 -1 0 
2674 30 308 14 26 72 -1 -1 -1 0 
2675 30 310 13 25 73 -1 -1 -1 0 
2676 30 310 14 26 72 -1 -1 -1 0 
2865 31 333 73 34 105 -1 -1 -1 0 
2866 31 329 76 38 103 -1 -1 -1 0 
2867 31 328 77 39 102 -1 -1 -1 0 
2868 31 322 78 45 102 -1 -1 -1 0 
2869 31 319 78 45 101 -1 -1 -1 0 
2870 31 317 77 43 102 -1 -1 -1 0 
2871 31 313 76 44 103 -1 -1 -1 0 
2872 31 305 77 54 103 -1 -1 -1 0 
2873 31 302 77 48 103 -1 -1 -1 0 
2874 31 298 78 50 104 -1 -1 -1 0 
2875 31 295 80 51 103 -1 -1 -1 0 
2876 31 295 79 43 104 -1 -1 -1 0 
2877 31 289 79 47 104 -1 -1 -1 0 
2878 31 286 79 44 104 -1 -1 -1 0 
2879 31 284 79 43 104 -1 -1 -1 0 
2880 31 282 79 44 105 -1 -1 -1 0 
2881 31 276 81 44 104 -1 -1 -1 0 
2882 31 273 82 46 104 -1 -1 -1 0 
2883 31 272 82 46 104 -1 -1 -1 0 
2884 31 270 82 42 105 -1 -1 -1 0 
2885 31 267 82 45 104 -1 -1 -1 0 
2886 31 266 81 42 104 -1 -1 -1 0 
2887 31 262 82 44 105 -1 -1 -1 0 
2888 31 259 82 45 106 -1 -1 -1 0 
2889 31 255 83 48 105 -1 -1 -1 0 
2890 31 254 85 45 106 -1 -1 -1 0 
2891 31 251 85 50 107 -1 -1 -1 0 
2892 31 249 85 44 106 -1 -1 -1 0 
2893 31 246 85 43 106 -1 -1 -1 0 
2894 31 244 85 44 107 -1 -1 -1 0 
2895 31 239 84 47 104 -1 -1 -1 0 
2896 31 238 85 44 107 -1 -1 -1 0 
2897 31 237 85 45 108 -1 -1 -1 0 
2898 31 236 87 47 107 -1 -1 -1 0 
2899 31 231 89 50 105 -1 -1 -1 0 
2900 31 232 89 43 105 -1 -1 -1 0 
2901 31 228 88 46 108 -1 -1 -1 0 
2902 31 224 88 49 109 -1 -1 -1 0 
2903 31 223 88 47 109 -1 -1 -1 0 
2904 31 219 88 48 109 -1 -1 -1 0 
2905 31 215 90 50 107 -1 -1 -1 0 
2906 31 215 92 49 105 -1 -1 -1 0 
2907 31 213 93 47 105 -1 -1 -1 0 
2908 31 208 92 48 107 -1 -1 -1 0 
2909 31 205 92 49 108 -1 -1 -1 0 
2910 31 204 91 46 109 -1 -1 -1 0 
2911 31 201 91 46 110 -1 -1 -1 0 
2912 31 199 91 46 111 -1 -1 -1 0 
2913 31 196 92 47 111 -1 -1 -1 0 
2914 31 195 94 43 111 -1 -1 -1 0 
2915 31 192 94 46 110 -1 -1 -1 0 
2916 31 190 95 45 109 -1 -1 -1 0 
2917 31 186 94 44 111 -1 -1 -1 0 
2918 31 183 94 45 112 -1 -1 -1 0 
2919 31 180 93 46 113 -1 -1 -1 0 
2920 31 174 94 53 113 -1 -1 -1 0 
2921 31 172 95 55 112 -1 -1 -1 0 
2922 31 171 96 51 111 -1 -1 -1 0 
2923 31 168 97 49 112 -1 -1 -1 0 
2924 31 165 98 48 111 -1 -1 -1 0 
2925 31 161 97 47 112 -1 -1 -1 0 
2926 31 157 96 48 113 -1 -1 -1 0 
2927 31 156 96 45 113 -1 -1 -1 0 
2928 31 153 97 45 115 -1 -1 -1 0 
2929 31 150 101 45 113 -1 -1 -1 0 
2930 31 149 102 43 112 -1 -1 -1 0 
2931 31 146 101 44 112 -1 -1 -1 0 
2932 31 141 101 49 112 -1 -1 -1 0 
2933 31 139 102 48 111 -1 -1 -1 0 
2934 31 136 101 47 112 -1 -1 -1 0 
2935 31 132 102 49 112 -1 -1 -1 0 
2936 31 130 102 48 113 -1 -1 -1 0 
2937 31 128 104 48 112 -1 -1 -1 0 
2938 31 123 105 51 111 -1 -1 -1 0 
2939 31 121 106 50 110 -1 -1 -1 0 
2940 31 119 106 47 110 -1 -1 -1 0 
2941 31 113 105 50 112 -1 -1 -1 0 
2942 31 110 104 51 115 -1 -1 -1 0 
2943 31 108 104 51 115 -1 -1 -1 0 
2944 31 106 105 51 115 -1 -1 -1 0 
2945 31 102 107 54 118 -1 -1 -1 0 
2946 31 104 107 48 118 -1 -1 -1 0 
2947 31 103 108 50 117 -1 -1 -1 0 
2948 31 101 108 50 117 -1 -1 -1 0 
2949 31 99 108 49 117 -1 -1 -1 0 
2950 31 96 107 50 118 -1 -1 -1 0 
2951 31 95 106 50 120 -1 -1 -1 0 
2952 31 91 109 53 118 -1 -1 -1 0 
2953 31 89 111 54 116 -1 -1 -1 0 
2954 31 90 112 51 115 -1 -1 -1 0 
2955 31 85 112 52 115 -1 -1 -1 0 
2956 31 83 111 50 117 -1 -1 -1 0 
2957 31 81 111 49 118 -1 -1 -1 0 
2958 31 79 110 49 119 -1 -1 -1 0 
2959 31 76 110 51 120 -1 -1 -1 0 
2960 31 75 109 54 122 -1 -1 -1 0 
2961 31 76 113 51 122 -1 -1 -1 0 
2962 31 75 116 49 118 -1 -1 -1 0 
2963 31 72 116 50 118 -1 -1 -1 0 
2964 31 72 114 48 121 -1 -1 -1 0 
2965 31 69 113 50 123 -1 -1 -1 0 
2966 31 67 113 51 123 -1 -1 -1 0 
2967 31 66 113 51 125 -1 -1 -1 0 
2968 31 63 117 53 123 -1 -1 -1 0 
2969 31 61 118 53 122 -1 -1 -1 0 
2970 31 60 120 52 122 -1 -1 -1 0 
2971 31 57 120 51 123 -1 -1 -1 0 
2972 31 55 120 50 123 -1 -1 -1 0 
2973 31 53 119 51 124 -1 -1 -1 0 
2974 31 50 119 55 124 -1 -1 -1 0 
2975 31 49 118 54 123 -1 -1 -1 0 
2976 31 49 123 52 123 -1 -1 -1 0 
2977 31 47 124 51 124 -1 -1 -1 0 
2978 31 45 125 51 123 -1 -1 -1 0 
2979 31 45 123 49 124 -1 -1 -1 0 
2980 31 41 122 51 125 -1 -1 -1 0 
2981 31 38 123 52 125 -1 -1 -1 0 
2982 31 32 124 58 125 -1 -1 -1 0 
2983 31 27 125 62 125 -1 -1 -1 0 
2984 31 27 125 60 127 -1 -1 -1 0 
2985 31 27 126 59 127 -1 -1 -1 0 
2986 31 27 127 56 126 -1 -1 -1 0 
2987 31 27 128 53 125 -1 -1 -1 0 
2988 31 25 127 55 127 -1 -1 -1 0 
2989 31 23 127 54 127 -1 -1 -1 0 
2990 31 20 127 55 128 -1 -1 -1 0 
2991 31 21 128 53 130 -1 -1 -1 0 
2992 31 20 132 54 129 -1 -1 -1 0 
2993 31 20 133 56 128 -1 -1 -1 0 
2994 31 21 133 53 128 -1 -1 -1 0 
2995 31 20 133 52 129 -1 -1 -1 0 
2996 31 18 133 53 130 -1 -1 -1 0 
2997 31 17 132 53 129 -1 -1 -1 0 
2998 31 15 133 56 128 -1 -1 -1 0 
2999 31 13 134 57 128 -1 -1 -1 0 
3000 31 11 135 58 128 -1 -1 -1 0 
3001 31 11 136 55 127 -1 -1 -1 0 
3002 31 11 137 54 127 -1 -1 -1 0 
3003 31 8 136 54 129 -1 -1 -1 0 
3004 31 6 135 55 130 -1 -1 -1 0 
3005 31 4 136 57 128 -1 -1 -1 0 
3006 31 7 139 50 125 -1 -1 -1 0 
3007 31 5 142 51 121 -1 -1 -1 0 
3008 31 3 143 53 120 -1 -1 -1 0 
3009 31 3 143 51 120 -1 -1 -1 0 
3010 31 2 143 52 120 -1 -1 -1 0 
3011 31 0 143 52 120 -1 -1 -1 0 
3012 31 0 143 51 120 -1 -1 -1 0 
3013 31 0 143 49 121 -1 -1 -1 0 
3014 31 0 145 47 119 -1 -1 -1 0 
3015 31 0 147 45 118 -1 -1 -1 0 
3016 31 0 149 45 117 -1 -1 -1 0 
3017 31 0 150 43 115 -1 -1 -1 0 
3018 31 0 149 40 116 -1 -1 -1 0 
3019 31 0 147 38 117 -1 -1 -1 0 
3020 31 0 147 36 116 -1 -1 -1 0 
3021 31 0 149 34 114 -1 -1 -1 0 
3022 31 0 152 32 114 -1 -1 -1 0 
3023 31 0 152 31 113 -1 -1 -1 0 
3024 31 0 153 29 111 -1 -1 -1 0 
3025 31 0 154 27 109 -1 -1 -1 0 
3026 31 0 153 26 108 -1 -1 -1 0 
3183 32 342 87 25 89 -1 -1 -1 0 
3184 32 338 89 29 89 -1 -1 -1 0 
3185 32 334 90 33 90 -1 -1 -1 0 
3186 32 329 91 38 90 -1 -1 -1 0 
3187 32 323 91 44 90 -1 -1 -1 0 
3188 32 322 90 45 91 -1 -1 -1 0 
3189 32 316 89 49 91 -1 -1 -1 0 
3190 32 312 90 48 94 -1 -1 -1 0 
3191 32 309 91 49 104 -1 -1 -1 0 
3192 32 297 92 58 107 -1 -1 -1 0 
3193 32 295 93 55 107 -1 -1 -1 0 
3194 32 295 94 52 107 -1 -1 -1 0 
3195 32 291 93 50 108 -1 -1 -1 0 
3196 32 287 92 48 110 -1 -1 -1 0 
3197 32 284 91 49 111 -1 -1 -1 0 
3198 32 280 90 49 112 -1 -1 -1 0 
3199 32 275 90 49 113 -1 -1 -1 0 
3200 32 272 91 50 113 -1 -1 -1 0 
3201 32 268 92 50 113 -1 -1 -1 0 
3202 32 263 94 51 113 -1 -1 -1 0 
3203 32 261 94 49 114 -1 -1 -1 0 
3204 32 258 94 48 115 -1 -1 -1 0 
3205 32 253 93 49 116 -1 -1 -1 0 
3206 32 251 93 48 116 -1 -1 -1 0 
3207 32 247 93 49 116 -1 -1 -1 0 
3208 32 239 94 54 115 -1 -1 -1 0 
3209 32 235 95 55 115 -1 -1 -1 0 
3210 32 236 96 49 115 -1 -1 -1 0 
3211 32 233 97 48 114 -1 -1 -1 0 
3212 32 230 97 49 115 -1 -1 -1 0 
3213 32 227 97 49 115 -1 -1 -1 0 
3214 32 224 96 48 116 -1 -1 -1 0 
3215 32 221 96 49 116 -1 -1 -1 0 
3216 32 217 96 51 118 -1 -1 -1 0 
3217 32 213 98 52 118 -1 -1 -1 0 
3218 32 212 99 51 119 -1 -1 -1 0 
3219 32 209 100 52 118 -1 -1 -1 0 
3220 32 205 100 53 118 -1 -1 -1 0 
3221 32 204 100 53 118 -1 -1 -1 0 
3222 32 203 99 52 119 -1 -1 -1 0 
3223 32 200 99 54 120 -1 -1 -1 0 
3224 32 199 100 53 119 -1 -1 -1 0 
3225 32 197 102 53 118 -1 -1 -1 0 
3226 32 195 103 54 118 -1 -1 -1 0 
3227 32 193 104 54 118 -1 -1 -1 0 
3228 32 192 105 51 117 -1 -1 -1 0 
3229 32 190 105 50 118 -1 -1 -1 0 
3230 32 187 104 52 119 -1 -1 -1 0 
3231 32 186 105 51 118 -1 -1 -1 0 
3232 32 183 105 52 120 -1 -1 -1 0 
3233 32 181 106 52 121 -1 -1 -1 0 
3234 32 179 107 53 122 -1 -1 -1 0 
3235 32 178 108 51 122 -1 -1 -1 0 
3236 32 175 109 53 122 -1 -1 -1 0 
3237 32 174 109 52 122 -1 -1 -1 0 
3238 32 171 108 54 123 -1 -1 -1 0 
3239 32 169 108 54 123 -1 -1 -1 0 
3240 32 167 108 55 123 -1 -1 -1 0 
3241 32 166 110 54 123 -1 -1 -1 0 
3242 32 165 112 55 122 -1 -1 -1 0 
3243 32 165 114 53 121 -1 -1 -1 0 
3244 32 163 115 53 122 -1 -1 -1 0 
3245 32 161 115 52 123 -1 -1 -1 0 
3246 32 159 115 53 123 -1 -1 -1 0 
3247 32 156 115 54 123 -1 -1 -1 0 
3248 32 154 115 55 123 -1 -1 -1 0 
3249 32 153 114 54 127 -1 -1 -1 0 
3250 32 148 116 59 126 -1 -1 -1 0 
3251 32 147 117 58 126 -1 -1 -1 0 
3252 32 146 118 58 126 -1 -1 -1 0 
3253 32 145 119 58 125 -1 -1 -1 0 
3254 32 143 119 58 126 -1 -1 -1 0 
3255 32 140 119 58 126 -1 -1 -1 0 
3256 32 138 119 57 126 -1 -1 -1 0 
3257 32 137 119 58 126 -1 -1 -1 0 
3258 32 135 121 58 126 -1 -1 -1 0 
3259 32 134 123 56 125 -1 -1 -1 0 
3260 32 133 124 55 125 -1 -1 -1 0 
3261 32 131 124 55 126 -1 -1 -1 0 
3262 32 129 124 54 127 -1 -1 -1 0 
3263 32 127 124 53 127 -1 -1 -1 0 
3264 32 125 124 55 127 -1 -1 -1 0 
3265 32 122 125 56 128 -1 -1 -1 0 
3266 32 121 125 56 129 -1 -1 -1 0 
3267 32 118 127 58 128 -1 -1 -1 0 
3268 32 117 129 56 129 -1 -1 -1 0 
3269 32 115 129 56 130 -1 -1 -1 0 
3270 32 113 129 57 130 -1 -1 -1 0 
3271 32 110 129 58 130 -1 -1 -1 0 
3272 32 110 128 57 131 -1 -1 -1 0 
3273 32 109 128 57 131 -1 -1 -1 0 
3274 32 106 129 58 131 -1 -1 -1 0 
3275 32 103 129 60 131 -1 -1 -1 0 
3276 32 102 131 59 130 -1 -1 -1 0 
3277 32 99 134 61 129 -1 -1 -1 0 
3278 32 97 135 60 128 -1 -1 -1 0 
3279 32 97 133 58 130 -1 -1 -1 0 
3280 32 93 132 60 131 -1 -1 -1 0 
3281 32 93 132 59 131 -1 -1 -1 0 
3282 32 90 134 61 129 -1 -1 -1 0 
3283 32 88 136 60 127 -1 -1 -1 0 
3284 32 87 137 59 126 -1 -1 -1 0 
3285 32 84 139 61 124 -1 -1 -1 0 
3286 32 83 140 60 122 -1 -1 -1 0 
3287 32 82 140 61 122 -1 -1 -1 0 
3288 32 81 140 61 122 -1 -1 -1 0 
3289 32 80 140 60 121 -1 -1 -1 0 
3290 32 78 140 61 122 -1 -1 -1 0 
3291 32 76 142 62 121 -1 -1 -1 0 
3292 32 73 144 65 119 -1 -1 -1 0 
3293 32 72 144 64 119 -1 -1 -1 0 
3294 32 70 145 65 118 -1 -1 -1 0 
3295 32 68 146 66 116 -1 -1 -1 0 
3296 32 67 146 66 116 -1 -1 -1 0 
3297 32 67 145 64 117 -1 -1 -1 0 
3298 32 66 145 64 118 -1 -1 -1 0 
3299 32 65 146 65 117 -1 -1 -1 0 
3300 32 64 148 66 115 -1 -1 -1 0 
3301 32 63 151 67 112 -1 -1 -1 0 
3302 32 63 152 67 110 -1 -1 -1 0 
3303 32 63 152 66 110 -1 -1 -1 0 
3304 32 63 152 66 110 -1 -1 -1 0 
3305 32 63 151 66 111 -1 -1 -1 0 
3306 32 62 151 67 111 -1 -1 -1 0 
3307 32 62 151 67 112 -1 -1 -1 0 
3308 32 61 152 69 111 -1 -1 -1 0 
3309 32 60 154 69 109 -1 -1 -1 0 
3310 32 60 156 67 107 -1 -1 -1 0 
3311 32 60 157 65 105 -1 -1 -1 0 
3312 32 59 157 66 105 -1 -1 -1 0 
3313 32 58 156 65 106 -1 -1 -1 0 
3314 32 57 156 65 106 -1 -1 -1 0 
3315 32 56 156 67 107 -1 -1 -1 0 
3316 32 54 158 68 105 -1 -1 -1 0 
3317 32 52 160 69 103 -1 -1 -1 0 
3318 32 52 162 67 101 -1 -1 -1 0 
3319 32 51 163 67 99 -1 -1 -1 0 
3320 32 49 163 69 99 -1 -1 -1 0 
3321 32 50 163 67 100 -1 -1 -1 0 
3322 32 48 163 69 100 -1 -1 -1 0 
3323 32 47 162 70 101 -1 -1 -1 0 
3324 32 47 163 70 99 -1 -1 -1 0 
3325 32 45 165 71 98 -1 -1 -1 0 
3326 32 45 166 69 97 -1 -1 -1 0 
3327 32 44 168 69 95 -1 -1 -1 0 
3328 32 42 169 70 93 -1 -1 -1 0 
3329 32 41 169 69 93 -1 -1 -1 0 
3330 32 39 168 71 94 -1 -1 -1 0 
3331 32 39 168 69 94 -1 -1 -1 0 
3332 32 37 168 70 95 -1 -1 -1 0 
3333 32 36 169 69 94 -1 -1 -1 0 
3334 32 34 172 69 91 -1 -1 -1 0 
3335 32 34 173 67 90 -1 -1 -1 0 
3336 32 33 175 67 88 -1 -1 -1 0 
3337 32 30 175 69 89 -1 -1 -1 0 
3338 32 28 174 69 89 -1 -1 -1 0 
3339 32 27 173 69 90 -1 -1 -1 0 
3340 32 25 175 70 88 -1 -1 -1 0 
3341 32 25 175 69 88 -1 -1 -1 0 
3342 32 22 177 72 88 -1 -1 -1 0 
3343 32 22 180 69 85 -1 -1 -1 0 
3344 32 19 181 71 83 -1 -1 -1 0 
3345 32 18 182 68 83 -1 -1 -1 0 
3346 32 14 182 70 83 -1 -1 -1 0 
3347 32 12 181 70 84 -1 -1 -1 0 
3348 32 10 181 71 83 -1 -1 -1 0 
3349 32 7 182 71 83 -1 -1 -1 0 
3350 32 5 183 70 82 -1 -1 -1 0 
3351 32 5 186 67 78 -1 -1 -1 0 
3352 32 5 188 65 76 -1 -1 -1 0 
3353 32 2 189 66 74 -1 -1 -1 0 
3354 32 1 189 66 74 -1 -1 -1 0 
3355 32 0 189 64 75 -1 -1 -1 0 
3356 32 0 188 63 76 -1 -1 -1 0 
3357 32 0 189 61 75 -1 -1 -1 0 
3358 32 0 191 60 73 -1 -1 -1 0 
3359 32 0 193 58 71 -1 -1 -1 0 
3360 32 0 196 56 68 -1 -1 -1 0 
3361 32 1 198 51 65 -1 -1 -1 0 
3362 32 0 198 50 65 -1 -1 -1 0 
3363 32 0 197 47 65 -1 -1 -1 0 
3364 32 0 197 45 65 -1 -1 -1 0 
3365 32 0 197 44 65 -1 -1 -1 0 
3366 32 0 197 43 66 -1 -1 -1 0 
3367 32 0 200 41 63 -1 -1 -1 0 
3368 32 0 202 38 61 -1 -1 -1 0 
3369 32 0 204 37 60 -1 -1 -1 0 
3370 32 0 205 36 58 -1 -1 -1 0 
3371 32 0 205 35 58 -1 -1 -1 0 
3372 32 0 205 35 58 -1 -1 -1 0 
3373 32 0 205 34 57 -1 -1 -1 0 
3374 32 0 205 33 58 -1 -1 -1 0 
3375 32 0 208 32 56 -1 -1 -1 0 
3376 32 0 211 31 53 -1 -1 -1 0 
3377 32 0 213 29 51 -1 -1 -1 0 
3378 32 0 215 26 49 -1 -1 -1 0 
3399 34 96 226 48 37 -1 -1 -1 0 
3400 34 94 224 51 39 -1 -1 -1 0 
3401 34 94 222 51 41 -1 -1 -1 0 
3402 34 91 221 54 43 -1 -1 -1 0 
3403 34 89 222 53 42 -1 -1 -1 0 
3404 34 88 222 53 42 -1 -1 -1 0 
3405 34 87 222 51 41 -1 -1 -1 0 
3406 34 85 219 52 44 -1 -1 -1 0 
3407 34 84 217 53 46 -1 -1 -1 0 
3408 34 83 214 53 49 -1 -1 -1 0 
3409 34 80 212 56 52 -1 -1 -1 0 
3410 34 80 212 55 52 -1 -1 -1 0 
3411 34 80 213 55 51 -1 -1 -1 0 
3412 34 80 212 54 52 -1 -1 -1 0 
3413 34 80 212 55 51 -1 -1 -1 0 
3414 34 81 210 52 52 -1 -1 -1 0 
3415 34 80 206 54 56 -1 -1 -1 0 
3416 34 78 205 56 58 -1 -1 -1 0 
3417 34 76 204 60 60 -1 -1 -1 0 
3418 34 74 204 61 60 -1 -1 -1 0 
3419 34 74 204 60 60 -1 -1 -1 0 
3420 34 73 203 59 60 -1 -1 -1 0 
3421 34 72 200 59 63 -1 -1 -1 0 
3422 34 71 200 58 63 -1 -1 -1 0 
3423 34 70 197 56 66 -1 -1 -1 0 
3424 34 67 196 58 68 -1 -1 -1 0 
3425 34 66 196 58 68 -1 -1 -1 0 
3426 34 66 196 56 68 -1 -1 -1 0 
3427 34 66 196 55 68 -1 -1 -1 0 
3428 34 67 196 54 67 -1 -1 -1 0 
3429 34 68 195 53 68 -1 -1 -1 0 
3430 34 68 194 54 69 -1 -1 -1 0 
3431 34 68 193 54 70 -1 -1 -1 0 
3432 34 67 192 56 71 -1 -1 -1 0 
3433 34 65 192 58 72 -1 -1 -1 0 
3434 34 65 192 58 72 -1 -1 -1 0 
3435 34 63 192 58 71 -1 -1 -1 0 
3436 34 62 190 57 73 -1 -1 -1 0 
3437 34 61 188 56 75 -1 -1 -1 0 
3438 34 59 185 55 78 -1 -1 -1 0 
3439 34 58 183 52 81 -1 -1 -1 0 
3440 34 56 182 52 82 -1 -1 -1 0 
3441 34 55 182 52 82 -1 -1 -1 0 
3442 34 54 181 52 83 -1 -1 -1 0 
3443 34 54 180 52 84 -1 -1 -1 0 
3444 34 54 179 54 84 -1 -1 -1 0 
3445 34 53 176 56 87 -1 -1 -1 0 
3446 34 51 174 59 90 -1 -1 -1 0 
3447 34 49 174 62 89 -1 -1 -1 0 
3448 34 47 174 63 89 -1 -1 -1 0 
3449 34 46 174 63 90 -1 -1 -1 0 
3450 34 47 173 61 90 -1 -1 -1 0 
3451 34 49 171 57 92 -1 -1 -1 0 
3452 34 50 169 55 93 -1 -1 -1 0 
3453 34 50 167 54 95 -1 -1 -1 0 
3454 34 49 166 54 97 -1 -1 -1 0 
3455 34 48 166 54 97 -1 -1 -1 0 
3456 34 49 166 55 98 -1 -1 -1 0 
3457 34 50 166 54 98 -1 -1 -1 0 
3458 34 51 165 53 98 -1 -1 -1 0 
3459 34 52 163 52 99 -1 -1 -1 0 
3460 34 50 161 55 101 -1 -1 -1 0 
3461 34 49 160 56 103 -1 -1 -1 0 
3462 34 48 160 57 103 -1 -1 -1 0 
3463 34 48 160 57 103 -1 -1 -1 0 
3464 34 49 160 56 103 -1 -1 -1 0 
3465 34 51 160 54 102 -1 -1 -1 0 
3466 34 54 157 50 105 -1 -1 -1 0 
3467 34 55 156 49 106 -1 -1 -1 0 
3468 34 56 154 49 108 -1 -1 -1 0 
3469 34 56 154 51 109 -1 -1 -1 0 
3470 34 57 154 50 109 -1 -1 -1 0 
3471 34 59 154 48 109 -1 -1 -1 0 
3472 34 60 154 48 109 -1 -1 -1 0 
3473 34 61 154 48 110 -1 -1 -1 0 
3474 34 61 151 48 113 -1 -1 -1 0 
3475 34 61 149 50 116 -1 -1 -1 0 
3476 34 60 149 53 115 -1 -1 -1 0 
3477 34 60 149 53 115 -1 -1 -1 0 
3478 34 60 149 53 115 -1 -1 -1 0 
3479 34 60 149 53 115 -1 -1 -1 0 
3480 34 61 149 51 114 -1 -1 -1 0 
3481 34 62 146 49 116 -1 -1 -1 0 
3482 34 62 145 50 117 -1 -1 -1 0 
3483 34 61 144 53 118 -1 -1 -1 0 
3484 34 61 143 54 120 -1 -1 -1 0 
3485 34 62 144 54 119 -1 -1 -1 0 
3486 34 62 144 54 118 -1 -1 -1 0 
3487 34 64 143 52 120 -1 -1 -1 0 
3488 34 64 143 51 119 -1 -1 -1 0 
3489 34 65 141 50 121 -1 -1 -1 0 
3490 34 64 139 51 123 -1 -1 -1 0 
3491 34 64 138 51 125 -1 -1 -1 0 
3492 34 64 138 51 125 -1 -1 -1 0 
3493 34 64 138 50 125 -1 -1 -1 0 
3494 34 65 137 49 126 -1 -1 -1 0 
3495 34 67 137 47 125 -1 -1 -1 0 
3496 34 67 134 46 128 -1 -1 -1 0 
3497 34 67 132 47 131 -1 -1 -1 0 
3498 34 67 131 46 133 -1 -1 -1 0 
3499 34 68 131 46 132 -1 -1 -1 0 
3500 34 70 131 45 132 -1 -1 -1 0 
3501 34 73 132 43 131 -1 -1 -1 0 
3502 34 74 130 44 132 -1 -1 -1 0 
3503 34 76 128 43 134 -1 -1 -1 0 
3504 34 76 128 43 133 -1 -1 -1 0 
3505 34 76 126 45 135 -1 -1 -1 0 
3506 34 77 126 45 135 -1 -1 -1 0 
3507 34 78 126 46 135 -1 -1 -1 0 
3508 34 79 126 46 134 -1 -1 -1 0 
3509 34 81 126 45 133 -1 -1 -1 0 
3510 34 81 124 46 131 -1 -1 -1 0 
3511 34 83 123 45 130 -1 -1 -1 0 
3512 34 85 122 44 132 -1 -1 -1 0 
3513 34 87 121 44 133 -1 -1 -1 0 
3514 34 90 121 43 132 -1 -1 -1 0 
3515 34 92 121 43 131 -1 -1 -1 0 
3516 34 95 122 42 130 -1 -1 -1 0 
3517 34 98 121 42 128 -1 -1 -1 0 
3518 34 100 121 42 126 -1 -1 -1 0 
3519 34 101 119 43 128 -1 -1 -1 0 
3520 34 104 118 43 129 -1 -1 -1 0 
3521 34 106 117 44 130 -1 -1 -1 0 
3522 34 107 117 45 130 -1 -1 -1 0 
3523 34 110 117 44 130 -1 -1 -1 0 
3524 34 112 117 44 129 -1 -1 -1 0 
3525 34 114 114 43 131 -1 -1 -1 0 
3526 34 116 113 43 132 -1 -1 -1 0 
3527 34 118 113 42 131 -1 -1 -1 0 
3528 34 119 112 44 130 -1 -1 -1 0 
3529 34 122 113 43 128 -1 -1 -1 0 
3530 34 125 114 41 127 -1 -1 -1 0 
3531 34 127 114 40 126 -1 -1 -1 0 
3532 34 130 110 39 128 -1 -1 -1 0 
3533 34 131 109 41 128 -1 -1 -1 0 
3534 34 132 109 42 127 -1 -1 -1 0 
3535 34 134 108 43 128 -1 -1 -1 0 
3536 34 136 107 43 129 -1 -1 -1 0 
3537 34 137 107 44 128 -1 -1 -1 0 
3538 34 140 107 41 127 -1 -1 -1 0 
3539 34 140 106 42 128 -1 -1 -1 0 
3540 34 140 104 43 126 -1 -1 -1 0 
3541 34 142 105 42 124 -1 -1 -1 0 
3542 34 144 105 40 123 -1 -1 -1 0 
3543 34 146 104 42 124 -1 -1 -1 0 
3544 34 149 103 40 124 -1 -1 -1 0 
3545 34 150 104 40 124 -1 -1 -1 0 
3546 34 152 104 40 123 -1 -1 -1 0 
3547 34 155 102 40 122 -1 -1 -1 0 
3548 34 157 102 40 120 -1 -1 -1 0 
3549 34 158 101 41 120 -1 -1 -1 0 
3550 34 160 100 42 121 -1 -1 -1 0 
3551 34 163 99 40 123 -1 -1 -1 0 
3552 34 164 98 41 124 -1 -1 -1 0 
3553 34 166 99 41 123 -1 -1 -1 0 
3554 34 168 98 39 122 -1 -1 -1 0 
3555 34 170 94 38 125 -1 -1 -1 0 
3556 34 172 91 38 126 -1 -1 -1 0 
3557 34 172 93 40 124 -1 -1 -1 0 
3558 34 175 96 39 122 -1 -1 -1 0 
3559 34 178 97 38 120 -1 -1 -1 0 
3560 34 180 97 38 120 -1 -1 -1 0 
3561 34 182 96 39 119 -1 -1 -1 0 
3562 34 184 95 40 119 -1 -1 -1 0 
3563 34 187 94 39 119 -1 -1 -1 0 
3564 34 189 93 39 120 -1 -1 -1 0 
3565 34 193 92 38 120 -1 -1 -1 0 
3566 34 196 92 37 120 -1 -1 -1 0 
3567 34 199 92 36 120 -1 -1 -1 0 
3568 34 202 92 36 119 -1 -1 -1 0 
3569 34 205 92 35 117 -1 -1 -1 0 
3570 34 207 90 36 117 -1 -1 -1 0 
3571 34 211 89 36 118 -1 -1 -1 0 
3572 34 213 88 38 119 -1 -1 -1 0 
3573 34 215 88 44 118 -1 -1 -1 0 
3574 34 218 89 42 117 -1 -1 -1 0 
3575 34 219 89 41 117 -1 -1 -1 0 
3576 34 222 89 42 115 -1 -1 -1 0 
3577 34 230 88 38 115 -1 -1 -1 0 
3578 34 235 87 35 115 -1 -1 -1 0 
3579 34 239 86 36 116 -1 -1 -1 0 
3580 34 243 85 36 117 -1 -1 -1 0 
3581 34 245 85 37 117 -1 -1 -1 0 
3582 34 247 85 39 117 -1 -1 -1 0 
3583 34 254 85 35 115 -1 -1 -1 0 
3584 34 258 84 34 115 -1 -1 -1 0 
3585 34 261 84 35 114 -1 -1 -1 0 
3586 34 267 83 35 114 -1 -1 -1 0 
3587 34 268 82 40 115 -1 -1 -1 0 
3588 34 268 83 50 114 -1 -1 -1 0 
3589 34 271 83 46 114 -1 -1 -1 0 
3590 34 273 83 45 113 -1 -1 -1 0 
3591 34 279 83 43 112 -1 -1 -1 0 
3592 34 292 81 35 113 -1 -1 -1 0 
3593 34 297 80 34 114 -1 -1 -1 0 
3594 34 301 80 34 114 -1 -1 -1 0 
3595 34 302 80 40 114 -1 -1 -1 0 
3596 34 303 81 42 112 -1 -1 -1 0 
3597 34 309 81 41 112 -1 -1 -1 0 
3598 34 320 79 35 105 -1 -1 -1 0 
3599 34 324 79 34 101 -1 -1 -1 0 
3600 34 331 77 33 105 -1 -1 -1 0 
3601 34 335 76 32 105 -1 -1 -1 0 
3602 34 336 77 31 104 -1 -1 -1 0 
3603 34 335 79 32 103 -1 -1 -1 0 
3604 34 341 63 26 117 -1 -1 -1 0 
3646 35 67 233 55 30 -1 -1 -1 0 
3647 35 67 230 58 33 -1 -1 -1 0 
3648 35 67 223 59 40 -1 -1 -1 0 
3649 35 67 217 60 46 -1 -1 -1 0 
3650 35 65 213 63 51 -1 -1 -1 0 
3651 35 66 208 59 55 -1 -1 -1 0 
3652 35 65 203 58 60 -1 -1 -1 0 
3653 35 63 200 60 64 -1 -1 -1 0 
3654 35 62 197 61 66 -1 -1 -1 0 
3655 35 58 193 64 70 -1 -1 -1 0 
3656 35 59 189 62 74 -1 -1 -1 0 
3657 35 61 185 59 77 -1 -1 -1 0 
3658 35 55 181 64 82 -1 -1 -1 0 
3659 35 55 178 63 86 -1 -1 -1 0 
3660 35 57 175 59 87 -1 -1 -1 0 
3661 35 58 172 57 90 -1 -1 -1 0 
3662 35 57 169 58 94 -1 -1 -1 0 
3663 35 55 165 59 95 -1 -1 -1 0 
3664 35 54 160 59 95 -1 -1 -1 0 
3665 35 53 160 59 91 -1 -1 -1 0 
3666 35 52 157 60 89 -1 -1 -1 0 
3667 35 52 154 59 90 -1 -1 -1 0 
3668 35 51 151 60 90 -1 -1 -1 0 
3669 35 51 148 61 87 -1 -1 -1 0 
3670 35 53 144 60 86 -1 -1 -1 0 
3671 35 54 142 60 86 -1 -1 -1 0 
3672 35 57 139 59 83 -1 -1 -1 0 
3673 35 60 137 59 83 -1 -1 -1 0 
3674 35 63 135 59 80 -1 -1 -1 0 
3675 35 68 133 60 84 -1 -1 -1 0 
3676 35 76 130 57 85 -1 -1 -1 0 
3677 35 78 128 58 85 -1 -1 -1 0 
3678 35 85 124 59 83 -1 -1 -1 0 
3679 35 95 121 57 83 -1 -1 -1 0 
3680 35 99 119 58 82 -1 -1 -1 0 
3681 35 107 117 56 82 -1 -1 -1 0 
3682 35 116 115 58 80 -1 -1 -1 0 
3683 35 120 115 59 79 -1 -1 -1 0 
3684 35 131 112 58 79 -1 -1 -1 0 
3685 35 144 110 55 78 -1 -1 -1 0 
3686 35 150 109 55 78 -1 -1 -1 0 
3687 35 160 102 57 89 -1 -1 -1 0 
3688 35 172 104 59 83 -1 -1 -1 0 
3689 35 179 103 57 83 -1 -1 -1 0 
3690 35 191 102 60 83 -1 -1 -1 0 
3691 35 204 99 60 76 -1 -1 -1 0 
3692 35 210 99 60 75 -1 -1 -1 0 
3693 35 223 98 61 74 -1 -1 -1 0 
3694 35 240 96 59 74 -1 -1 -1 0 
3695 35 249 96 53 73 -1 -1 -1 0 
3696 35 266 93 51 75 -1 -1 -1 0 
3697 35 279 90 57 75 -1 -1 -1 0 
3698 35 287 90 56 73 -1 -1 -1 0 
3699 35 300 90 60 71 -1 -1 -1 0 
3700 35 318 87 49 69 -1 -1 -1 0 
3701 35 321 88 46 70 -1 -1 -1 0 
3783 36 340 155 27 107 -1 -1 -1 0 
3784 36 332 155 35 108 -1 -1 -1 0 
3785 36 325 156 42 107 -1 -1 -1 0 
3786 36 317 157 50 105 -1 -1 -1 0 
3787 36 312 155 51 107 -1 -1 -1 0 
3788 36 310 154 49 109 -1 -1 -1 0 
3789 36 302 151 52 111 -1 -1 -1 0 
3790 36 297 150 52 112 -1 -1 -1 0 
3791 36 292 149 55 113 -1 -1 -1 0 
3792 36 288 150 54 112 -1 -1 -1 0 
3793 36 284 150 51 113 -1 -1 -1 0 
3794 36 282 150 48 112 -1 -1 -1 0 
3795 36 278 147 47 116 -1 -1 -1 0 
3796 36 274 145 50 118 -1 -1 -1 0 
3797 36 271 144 48 120 -1 -1 -1 0 
3798 36 266 144 49 121 -1 -1 -1 0 
3799 36 259 145 52 118 -1 -1 -1 0 
3800 36 255 145 55 118 -1 -1 -1 0 
3801 36 248 146 56 117 -1 -1 -1 0 
3802 36 244 143 54 120 -1 -1 -1 0 
3803 36 242 142 53 121 -1 -1 -1 0 
3804 36 238 140 54 123 -1 -1 -1 0 
3805 36 235 139 56 123 -1 -1 -1 0 
3806 36 234 140 55 122 -1 -1 -1 0 
3807 36 233 140 54 122 -1 -1 -1 0 
3808 36 232 140 53 122 -1 -1 -1 0 
3809 36 231 138 52 124 -1 -1 -1 0 
3810 36 231 135 50 126 -1 -1 -1 0 
3811 36 229 134 51 128 -1 -1 -1 0 
3812 36 228 133 52 130 -1 -1 -1 0 
3813 36 226 134 54 129 -1 -1 -1 0 
3814 36 226 134 53 131 -1 -1 -1 0 
3815 36 224 133 55 132 -1 -1 -1 0 
3816 36 224 131 52 133 -1 -1 -1 0 
3817 36 224 129 50 135 -1 -1 -1 0 
3818 36 224 128 51 135 -1 -1 -1 0 
3819 36 224 128 50 134 -1 -1 -1 0 
3820 36 224 127 52 137 -1 -1 -1 0 
3821 36 225 127 52 137 -1 -1 -1 0 
3822 36 225 128 54 132 -1 -1 -1 0 
3823 36 226 127 54 129 -1 -1 -1 0 
3824 36 228 126 51 129 -1 -1 -1 0 
3825 36 229 121 50 137 -1 -1 -1 0 
3826 36 230 120 51 138 -1 -1 -1 0 
3827 36 230 122 52 134 -1 -1 -1 0 
3828 36 232 122 52 135 -1 -1 -1 0 
3829 36 231 122 55 133 -1 -1 -1 0 
3830 36 231 123 54 130 -1 -1 -1 0 
3831 36 233 121 51 130 -1 -1 -1 0 
3832 36 236 118 49 131 -1 -1 -1 0 
3833 36 237 117 49 130 -1 -1 -1 0 
3834 36 240 117 49 130 -1 -1 -1 0 
3835 36 243 118 49 129 -1 -1 -1 0 
3836 36 244 118 50 129 -1 -1 -1 0 
3837 36 246 117 51 128 -1 -1 -1 0 
3838 36 249 116 50 126 -1 -1 -1 0 
3839 36 253 113 47 132 -1 -1 -1 0 
3840 36 255 111 48 134 -1 -1 -1 0 
3841 36 258 110 48 134 -1 -1 -1 0 
3842 36 259 113 50 127 -1 -1 -1 0 
3843 36 264 113 47 128 -1 -1 -1 0 
3844 36 266 112 47 129 -1 -1 -1 0 
3845 36 266 112 47 126 -1 -1 -1 0 
3846 36 271 110 43 126 -1 -1 -1 0 
3847 36 273 108 44 127 -1 -1 -1 0 
3848 36 275 107 45 128 -1 -1 -1 0 
3849 36 278 107 46 127 -1 -1 -1 0 
3850 36 281 108 48 125 -1 -1 -1 0 
3851 36 284 108 46 124 -1 -1 -1 0 
3852 36 286 107 49 122 -1 -1 -1 0 
3853 36 291 106 48 118 -1 -1 -1 0 
3854 36 293 103 47 106 -1 -1 -1 0 
3855 36 297 103 47 99 -1 -1 -1 0 
3856 36 300 104 48 94 -1 -1 -1 0 
3857 36 303 105 46 95 -1 -1 -1 0 
3858 36 305 104 47 88 -1 -1 -1 0 
3859 36 310 104 43 87 -1 -1 -1 0 
3860 36 312 104 42 88 -1 -1 -1 0 
3861 36 316 100 42 88 -1 -1 -1 0 
3862 36 320 100 43 89 -1 -1 -1 0 
3863 36 320 98 46 88 -1 -1 -1 0 
3864 36 324 100 43 84 -1 -1 -1 0 
3865 36 330 101 37 81 -1 -1 -1 0 
3866 36 333 101 34 80 -1 -1 -1 0 
3867 36 338 99 29 83 -1 -1 -1 0 
4274 38 94 232 43 31 -1 -1 -1 0 
4275 38 94 231 45 32 -1 -1 -1 0 
4276 38 94 230 47 34 -1 -1 -1 0 
4277 38 94 230 48 34 -1 -1 -1 0 
4278 38 95 230 47 34 -1 -1 -1 0 
4279 38 97 230 45 33 -1 -1 -1 0 
4280 38 98 229 45 34 -1 -1 -1 0 
4281 38 99 226 45 37 -1 -1 -1 0 
4282 38 99 224 47 39 -1 -1 -1 0 
4283 38 99 223 48 41 -1 -1 -1 0 
4284 38 102 223 46 40 -1 -1 -1 0 
4285 38 105 222 45 41 -1 -1 -1 0 
4286 38 106 221 47 43 -1 -1 -1 0 
4287 38 109 220 45 43 -1 -1 -1 0 
4288 38 110 218 47 45 -1 -1 -1 0 
4289 38 111 216 47 47 -1 -1 -1 0 
4290 38 110 214 51 50 -1 -1 -1 0 
4291 38 110 213 52 51 -1 -1 -1 0 
4292 38 109 213 53 51 -1 -1 -1 0 
4293 38 109 212 53 52 -1 -1 -1 0 
4294 38 109 211 53 53 -1 -1 -1 0 
4295 38 108 210 54 54 -1 -1 -1 0 
4296 38 108 209 53 54 -1 -1 -1 0 
4297 38 110 207 50 56 -1 -1 -1 0 
4298 38 110 205 51 59 -1 -1 -1 0 
4299 38 110 205 52 59 -1 -1 -1 0 
4300 38 110 205 54 59 -1 -1 -1 0 
4301 38 111 205 53 59 -1 -1 -1 0 
4302 38 113 204 49 59 -1 -1 -1 0 
4303 38 113 202 51 61 -1 -1 -1 0 
4304 38 112 200 53 64 -1 -1 -1 0 
4305 38 110 199 54 65 -1 -1 -1 0 
4306 38 108 199 55 65 -1 -1 -1 0 
4307 38 107 199 56 65 -1 -1 -1 0 
4308 38 107 200 55 64 -1 -1 -1 0 
4309 38 107 200 54 64 -1 -1 -1 0 
4310 38 108 201 52 63 -1 -1 -1 0 
4311 38 108 199 53 64 -1 -1 -1 0 
4312 38 109 198 52 65 -1 -1 -1 0 
4313 38 109 197 52 67 -1 -1 -1 0 
4314 38 109 197 52 67 -1 -1 -1 0 
4315 38 109 197 52 67 -1 -1 -1 0 
4316 38 109 197 52 67 -1 -1 -1 0 
4317 38 110 197 49 66 -1 -1 -1 0 
4318 38 111 195 49 69 -1 -1 -1 0 
4319 38 111 194 49 70 -1 -1 -1 0 
4320 38 110 192 50 72 -1 -1 -1 0 
4321 38 110 192 50 71 -1 -1 -1 0 
4322 38 109 191 51 73 -1 -1 -1 0 
4323 38 110 191 49 73 -1 -1 -1 0 
4324 38 108 190 50 74 -1 -1 -1 0 
4325 38 108 190 50 74 -1 -1 -1 0 
4326 38 106 191 51 73 -1 -1 -1 0 
4327 38 105 188 51 75 -1 -1 -1 0 
4328 38 104 186 51 77 -1 -1 -1 0 
4329 38 104 185 51 79 -1 -1 -1 0 
4330 38 105 185 50 79 -1 -1 -1 0 
4331 38 104 184 51 80 -1 -1 -1 0 
4332 38 104 184 49 80 -1 -1 -1 0 
4333 38 104 184 48 80 -1 -1 -1 0 
4334 38 104 184 48 80 -1 -1 -1 0 
4335 38 106 183 45 80 -1 -1 -1 0 
4336 38 104 181 47 83 -1 -1 -1 0 
4337 38 103 180 49 84 -1 -1 -1 0 
4338 38 103 179 49 84 -1 -1 -1 0 
4339 38 102 178 51 86 -1 -1 -1 0 
4340 38 101 179 52 85 -1 -1 -1 0 
4341 38 102 179 49 85 -1 -1 -1 0 
4342 38 101 179 49 84 -1 -1 -1 0 
4343 38 101 178 49 85 -1 -1 -1 0 
4344 38 102 176 48 87 -1 -1 -1 0 
4345 38 103 174 47 89 -1 -1 -1 0 
4346 38 104 173 47 90 -1 -1 -1 0 
4347 38 104 172 49 91 -1 -1 -1 0 
4348 38 106 171 47 93 -1 -1 -1 0 
4349 38 107 171 48 92 -1 -1 -1 0 
4350 38 109 171 46 91 -1 -1 -1 0 
4351 38 110 169 48 93 -1 -1 -1 0 
4352 38 111 167 48 95 -1 -1 -1 0 
4353 38 112 165 49 97 -1 -1 -1 0 
4354 38 112 164 51 99 -1 -1 -1 0 
4355 38 113 164 50 99 -1 -1 -1 0 
4356 38 112 164 50 99 -1 -1 -1 0 
4357 38 111 165 53 98 -1 -1 -1 0 
4358 38 112 165 52 98 -1 -1 -1 0 
4359 38 111 163 55 92 -1 -1 -1 0 
4360 38 115 162 51 100 -1 -1 -1 0 
4361 38 116 160 51 84 -1 -1 -1 0 
4362 38 119 161 49 98 -1 -1 -1 0 
4363 38 120 162 52 101 -1 -1 -1 0 
4364 38 123 161 51 102 -1 -1 -1 0 
4365 38 125 161 50 102 -1 -1 -1 0 
4366 38 128 159 48 104 -1 -1 -1 0 
4367 38 129 158 49 105 -1 -1 -1 0 
4368 38 133 157 48 105 -1 -1 -1 0 
4369 38 136 156 46 107 -1 -1 -1 0 
4370 38 136 156 48 108 -1 -1 -1 0 
4371 38 138 157 46 107 -1 -1 -1 0 
4372 38 140 157 44 107 -1 -1 -1 0 
4373 38 140 157 44 107 -1 -1 -1 0 
4374 38 141 155 45 109 -1 -1 -1 0 
4375 38 143 153 45 111 -1 -1 -1 0 
4376 38 143 152 46 112 -1 -1 -1 0 
4377 38 144 152 47 112 -1 -1 -1 0 
4378 38 144 152 49 112 -1 -1 -1 0 
4379 38 144 152 50 113 -1 -1 -1 0 
4380 38 146 152 50 112 -1 -1 -1 0 
4381 38 150 151 47 111 -1 -1 -1 0 
4382 38 152 150 47 113 -1 -1 -1 0 
4383 38 155 149 45 114 -1 -1 -1 0 
4384 38 157 148 45 116 -1 -1 -1 0 
4385 38 157 149 46 115 -1 -1 -1 0 
4386 38 158 150 47 113 -1 -1 -1 0 
4387 38 160 150 46 112 -1 -1 -1 0 
4388 38 162 151 43 111 -1 -1 -1 0 
4389 38 161 150 46 112 -1 -1 -1 0 
4390 38 161 148 47 113 -1 -1 -1 0 
4391 38 163 147 46 113 -1 -1 -1 0 
4392 38 164 147 46 112 -1 -1 -1 0 
4393 38 167 147 44 113 -1 -1 -1 0 
4394 38 168 146 45 115 -1 -1 -1 0 
4395 38 169 146 45 114 -1 -1 -1 0 
4396 38 171 145 46 114 -1 -1 -1 0 
4397 38 172 144 47 115 -1 -1 -1 0 
4398 38 175 142 46 114 -1 -1 -1 0 
4399 38 178 142 45 113 -1 -1 -1 0 
4400 38 180 141 45 114 -1 -1 -1 0 
4401 38 180 141 48 115 -1 -1 -1 0 
4402 38 183 141 45 114 -1 -1 -1 0 
4403 38 185 141 45 114 -1 -1 -1 0 
4404 38 187 140 44 114 -1 -1 -1 0 
4405 38 190 139 45 111 -1 -1 -1 0 
4406 38 192 139 44 109 -1 -1 -1 0 
4407 38 196 137 42 113 -1 -1 -1 0 
4408 38 199 136 44 114 -1 -1 -1 0 
4409 38 201 136 46 114 -1 -1 -1 0 
4410 38 204 136 46 114 -1 -1 -1 0 
4411 38 208 136 44 113 -1 -1 -1 0 
4412 38 210 135 43 113 -1 -1 -1 0 
4413 38 212 133 43 113 -1 -1 -1 0 
4414 38 215 132 43 112 -1 -1 -1 0 
4415 38 217 131 43 112 -1 -1 -1 0 
4416 38 220 131 44 112 -1 -1 -1 0 
4417 38 211 132 56 112 -1 -1 -1 0 
4418 38 223 132 44 111 -1 -1 -1 0 
4419 38 227 132 42 111 -1 -1 -1 0 
4420 38 231 130 42 111 -1 -1 -1 0 
4421 38 233 129 44 111 -1 -1 -1 0 
4422 38 238 128 41 111 -1 -1 -1 0 
4423 38 242 127 39 112 -1 -1 -1 0 
4424 38 244 127 38 111 -1 -1 -1 0 
4425 38 246 127 40 111 -1 -1 -1 0 
4426 38 249 127 42 111 -1 -1 -1 0 
4427 38 250 126 44 112 -1 -1 -1 0 
4428 38 255 124 42 109 -1 -1 -1 0 
4429 38 260 124 39 107 -1 -1 -1 0 
4430 38 261 124 41 110 -1 -1 -1 0 
4431 38 262 123 43 111 -1 -1 -1 0 
4432 38 262 123 47 111 -1 -1 -1 0 
4433 38 264 124 46 109 -1 -1 -1 0 
4434 38 267 124 47 109 -1 -1 -1 0 
4435 38 271 123 46 110 -1 -1 -1 0 
4436 38 273 121 47 111 -1 -1 -1 0 
4437 38 281 120 42 102 -1 -1 -1 0 
4438 38 288 120 37 100 -1 -1 -1 0 
4439 38 291 119 37 100 -1 -1 -1 0 
4441 38 296 121 37 105 -1 -1 -1 0 
4448 38 305 116 48 77 -1 -1 -1 0 
4449 38 307 117 48 74 -1 -1 -1 0 
4450 38 310 115 49 70 -1 -1 -1 0 
4451 38 314 115 46 69 -1 -1 -1 0 
