3 1 588 553 43 37 -1 -1 -1 0 
4 1 589 553 42 37 -1 -1 -1 0 
5 1 588 553 42 38 -1 -1 -1 0 
6 1 585 554 44 39 -1 -1 -1 0 
7 1 584 554 44 40 -1 -1 -1 0 
8 1 584 553 45 42 -1 -1 -1 0 
9 1 584 554 44 41 -1 -1 -1 0 
10 1 582 553 47 44 -1 -1 -1 0 
11 1 581 552 49 46 -1 -1 -1 0 
12 1 581 553 49 45 -1 -1 -1 0 
13 1 582 554 46 44 -1 -1 -1 0 
14 1 583 554 45 45 -1 -1 -1 0 
15 1 581 554 46 45 -1 -1 -1 0 
16 1 580 553 48 47 -1 -1 -1 0 
17 1 581 554 47 47 -1 -1 -1 0 
18 1 580 554 48 47 -1 -1 -1 0 
19 1 576 556 51 46 -1 -1 -1 0 
20 1 578 555 49 48 -1 -1 -1 0 
21 1 577 557 49 47 -1 -1 -1 0 
22 1 578 557 47 48 -1 -1 -1 0 
23 1 579 557 45 50 -1 -1 -1 0 
24 1 577 557 47 50 -1 -1 -1 0 
25 1 575 558 49 50 -1 -1 -1 0 
26 1 574 558 50 52 -1 -1 -1 0 
27 1 569 559 54 53 -1 -1 -1 0 
28 1 567 560 54 54 -1 -1 -1 0 
29 1 564 560 57 56 -1 -1 -1 0 
30 1 562 561 59 57 -1 -1 -1 0 
31 1 561 561 60 58 -1 -1 -1 0 
32 1 560 562 61 59 -1 -1 -1 0 
33 1 561 563 59 60 -1 -1 -1 0 
34 1 559 562 61 64 -1 -1 -1 0 
35 1 559 563 60 66 -1 -1 -1 0 
36 1 557 563 61 68 -1 -1 -1 0 
37 1 549 564 69 70 -1 -1 -1 0 
38 1 545 564 74 73 -1 -1 -1 0 
39 1 543 567 74 75 -1 -1 -1 0 
40 1 540 567 79 78 -1 -1 -1 0 
41 1 535 569 82 81 -1 -1 -1 0 
42 1 532 569 85 84 -1 -1 -1 0 
43 1 528 570 87 86 -1 -1 -1 0 
44 1 527 572 88 88 -1 -1 -1 0 
44 2 735 761 339 304 -1 -1 -1 0 
45 1 518 573 95 92 -1 -1 -1 0 
45 2 723 731 278 239 -1 -1 -1 0 
46 1 509 574 103 95 -1 -1 -1 0 
46 2 715 709 234 208 -1 -1 -1 0 
47 1 504 576 107 97 -1 -1 -1 0 
48 2 704 676 174 147 -1 -1 -1 0 
49 2 699 665 155 136 -1 -1 -1 0 
50 2 695 653 139 129 -1 -1 -1 0 
51 2 690 647 127 116 -1 -1 -1 0 
52 2 687 640 119 105 -1 -1 -1 0 
52 4 474 580 130 135 -1 -1 -1 0 
53 2 686 633 108 92 -1 -1 -1 0 
53 4 465 582 139 146 -1 -1 -1 0 
54 2 677 620 91 77 -1 -1 -1 0 
55 2 678 623 96 84 -1 -1 -1 0 
56 1 426 583 174 189 -1 -1 -1 0 
56 2 676 617 92 81 -1 -1 -1 0 
57 1 402 586 196 205 -1 -1 -1 0 
57 2 675 612 85 77 -1 -1 -1 0 
58 1 385 587 210 228 -1 -1 -1 0 
58 2 675 609 79 70 -1 -1 -1 0 
59 1 360 586 231 254 -1 -1 -1 0 
59 2 673 606 75 65 -1 -1 -1 0 
60 1 332 591 256 282 -1 -1 -1 0 
60 2 671 602 72 63 -1 -1 -1 0 
61 1 290 609 293 312 -1 -1 -1 0 
61 2 669 589 71 72 -1 -1 -1 0 
62 1 243 615 334 358 -1 -1 -1 0 
62 2 668 589 69 69 -1 -1 -1 0 
63 1 170 622 401 441 -1 -1 -1 0 
63 2 667 586 65 65 -1 -1 -1 0 
64 1 68 634 492 619 -1 -1 -1 0 
71 2 661 582 53 41 -1 -1 -1 0 
72 2 662 581 52 38 -1 -1 -1 0 
73 2 661 580 51 36 -1 -1 -1 0 
74 2 660 579 50 35 -1 -1 -1 0 
75 2 659 578 51 34 -1 -1 -1 0 
76 2 659 577 51 33 -1 -1 -1 0 
77 2 658 576 52 32 -1 -1 -1 0 
79 2 656 574 44 30 -1 -1 -1 0 
80 2 656 573 44 30 -1 -1 -1 0 
81 2 655 572 40 29 -1 -1 -1 0 
82 2 655 571 40 29 -1 -1 -1 0 
83 2 655 570 37 28 -1 -1 -1 0 
84 2 655 570 35 28 -1 -1 -1 0 
85 2 655 569 35 27 -1 -1 -1 0 
86 2 653 568 35 27 -1 -1 -1 0 
87 2 654 568 33 26 -1 -1 -1 0 
88 2 653 568 34 25 -1 -1 -1 0 
89 2 653 566 34 26 -1 -1 -1 0 
90 2 652 566 33 25 -1 -1 -1 0 
91 2 653 566 28 23 -1 -1 -1 0 
92 2 654 566 25 24 -1 -1 -1 0 
146 5 587 552 44 39 -1 -1 -1 0 
147 5 587 552 44 39 -1 -1 -1 0 
148 5 587 553 42 38 -1 -1 -1 0 
149 5 586 553 44 38 -1 -1 -1 0 
150 5 588 553 42 37 -1 -1 -1 0 
151 5 588 552 44 38 -1 -1 -1 0 
152 5 587 553 44 37 -1 -1 -1 0 
153 5 586 554 43 37 -1 -1 -1 0 
154 5 584 554 44 39 -1 -1 -1 0 
155 5 583 553 45 42 -1 -1 -1 0 
156 5 584 553 45 42 -1 -1 -1 0 
157 5 582 553 47 43 -1 -1 -1 0 
158 5 583 554 46 44 -1 -1 -1 0 
159 5 581 553 49 45 -1 -1 -1 0 
160 5 581 554 47 44 -1 -1 -1 0 
161 5 582 553 47 46 -1 -1 -1 0 
162 5 582 553 46 46 -1 -1 -1 0 
163 5 582 553 46 46 -1 -1 -1 0 
164 5 582 555 44 45 -1 -1 -1 0 
165 5 580 554 48 47 -1 -1 -1 0 
166 5 579 555 48 46 -1 -1 -1 0 
167 5 578 554 49 48 -1 -1 -1 0 
168 5 577 556 50 48 -1 -1 -1 0 
169 5 578 557 48 48 -1 -1 -1 0 
170 5 579 558 45 47 -1 -1 -1 0 
171 5 579 558 44 48 -1 -1 -1 0 
172 5 576 558 48 50 -1 -1 -1 0 
173 5 575 558 49 52 -1 -1 -1 0 
174 5 570 559 53 53 -1 -1 -1 0 
175 5 566 560 55 54 -1 -1 -1 0 
176 5 566 560 55 56 -1 -1 -1 0 
177 5 563 561 58 58 -1 -1 -1 0 
178 5 561 561 61 60 -1 -1 -1 0 
179 5 561 562 60 59 -1 -1 -1 0 
180 5 562 563 57 61 -1 -1 -1 0 
181 5 558 562 63 65 -1 -1 -1 0 
182 5 558 563 61 66 -1 -1 -1 0 
183 5 551 563 68 69 -1 -1 -1 0 
184 5 547 564 72 72 -1 -1 -1 0 
185 5 540 566 77 74 -1 -1 -1 0 
186 5 541 567 78 77 -1 -1 -1 0 
187 5 534 569 82 81 -1 -1 -1 0 
188 5 523 568 93 85 -1 -1 -1 0 
189 5 520 569 96 88 -1 -1 -1 0 
190 5 518 572 96 89 -1 -1 -1 0 
191 5 512 573 100 95 -1 -1 -1 0 
192 5 512 575 100 99 -1 -1 -1 0 
193 5 505 578 108 103 -1 -1 -1 0 
193 6 723 728 269 234 -1 -1 -1 0 
194 5 501 579 110 113 -1 -1 -1 0 
194 6 714 707 233 206 -1 -1 -1 0 
195 5 497 581 113 116 -1 -1 -1 0 
196 6 704 678 177 156 -1 -1 -1 0 
197 6 698 668 162 133 -1 -1 -1 0 
198 6 694 656 146 129 -1 -1 -1 0 
198 7 464 582 137 149 -1 -1 -1 0 
199 5 452 582 151 160 -1 -1 -1 0 
199 6 691 649 134 114 -1 -1 -1 0 
200 5 446 583 155 166 -1 -1 -1 0 
201 5 415 584 184 197 -1 -1 -1 0 
201 6 686 637 113 96 -1 -1 -1 0 
202 5 396 584 201 220 -1 -1 -1 0 
202 6 684 630 106 93 -1 -1 -1 0 
203 5 373 589 220 239 -1 -1 -1 0 
203 6 680 626 100 87 -1 -1 -1 0 
204 5 344 592 250 270 -1 -1 -1 0 
204 6 678 621 95 84 -1 -1 -1 0 
205 5 301 607 282 302 -1 -1 -1 0 
205 6 676 615 91 83 -1 -1 -1 0 
206 5 247 614 331 352 -1 -1 -1 0 
206 6 674 611 87 77 -1 -1 -1 0 
207 5 175 623 395 434 -1 -1 -1 0 
207 6 674 608 82 69 -1 -1 -1 0 
208 5 70 637 492 545 -1 -1 -1 0 
208 6 673 605 75 65 -1 -1 -1 0 
209 5 38 647 507 566 -1 -1 -1 0 
210 6 670 598 71 64 -1 -1 -1 0 
211 6 669 590 69 67 -1 -1 -1 0 
212 6 668 587 64 66 -1 -1 -1 0 
213 6 666 586 65 63 -1 -1 -1 0 
216 6 664 586 61 52 -1 -1 -1 0 
220 6 660 582 55 44 -1 -1 -1 0 
221 6 662 583 49 39 -1 -1 -1 0 
222 6 662 582 49 37 -1 -1 -1 0 
223 6 661 580 50 36 -1 -1 -1 0 
224 6 660 579 52 35 -1 -1 -1 0 
225 6 660 579 51 33 -1 -1 -1 0 
226 6 660 578 50 33 -1 -1 -1 0 
227 6 659 577 51 32 -1 -1 -1 0 
228 6 658 576 52 31 -1 -1 -1 0 
229 6 656 575 49 31 -1 -1 -1 0 
230 6 656 574 44 30 -1 -1 -1 0 
231 6 655 573 44 30 -1 -1 -1 0 
232 6 656 573 39 28 -1 -1 -1 0 
233 6 656 572 38 28 -1 -1 -1 0 
234 6 655 571 38 28 -1 -1 -1 0 
235 6 655 570 37 28 -1 -1 -1 0 
236 6 654 569 39 29 -1 -1 -1 0 
237 6 655 568 36 27 -1 -1 -1 0 
238 6 654 568 35 27 -1 -1 -1 0 
239 6 652 567 36 28 -1 -1 -1 0 
240 6 652 567 35 27 -1 -1 -1 0 
241 6 652 567 32 24 -1 -1 -1 0 
242 6 653 567 29 23 -1 -1 -1 0 
243 6 652 566 30 24 -1 -1 -1 0 
371 9 587 553 41 39 -1 -1 -1 0 
372 9 586 552 43 40 -1 -1 -1 0 
373 9 586 553 44 39 -1 -1 -1 0 
374 9 587 553 43 38 -1 -1 -1 0 
375 9 588 554 41 36 -1 -1 -1 0 
376 9 588 553 43 37 -1 -1 -1 0 
377 9 587 553 44 37 -1 -1 -1 0 
378 9 586 553 43 39 -1 -1 -1 0 
379 9 584 554 44 39 -1 -1 -1 0 
380 9 583 553 45 42 -1 -1 -1 0 
381 9 584 553 45 42 -1 -1 -1 0 
382 9 582 553 47 43 -1 -1 -1 0 
383 9 582 553 47 44 -1 -1 -1 0 
384 9 580 553 50 45 -1 -1 -1 0 
385 9 581 554 47 44 -1 -1 -1 0 
386 9 583 553 45 46 -1 -1 -1 0 
387 9 582 553 46 46 -1 -1 -1 0 
388 9 582 553 45 46 -1 -1 -1 0 
389 9 582 554 44 46 -1 -1 -1 0 
390 9 579 553 48 48 -1 -1 -1 0 
391 9 578 554 49 48 -1 -1 -1 0 
392 9 578 555 48 47 -1 -1 -1 0 
392 10 719 715 253 243 -1 -1 -1 0 
393 9 577 555 50 49 -1 -1 -1 0 
393 10 711 695 218 175 -1 -1 -1 0 
394 9 578 556 48 49 -1 -1 -1 0 
394 10 705 680 189 153 -1 -1 -1 0 
395 9 579 557 45 48 -1 -1 -1 0 
395 10 702 671 166 142 -1 -1 -1 0 
396 9 578 557 46 50 -1 -1 -1 0 
396 10 696 660 152 129 -1 -1 -1 0 
397 9 576 557 48 52 -1 -1 -1 0 
397 10 692 652 137 124 -1 -1 -1 0 
398 9 576 557 48 53 -1 -1 -1 0 
398 10 688 645 126 113 -1 -1 -1 0 
399 9 574 558 50 54 -1 -1 -1 0 
400 9 570 557 53 56 -1 -1 -1 0 
401 9 570 559 52 55 -1 -1 -1 0 
402 9 564 559 59 57 -1 -1 -1 0 
403 9 564 562 58 57 -1 -1 -1 0 
404 9 561 562 60 58 -1 -1 -1 0 
405 9 562 562 59 59 -1 -1 -1 0 
406 9 561 563 59 59 -1 -1 -1 0 
407 10 670 602 73 64 -1 -1 -1 0 
408 10 669 588 71 74 -1 -1 -1 0 
409 10 668 587 70 71 -1 -1 -1 0 
411 10 666 585 63 60 -1 -1 -1 0 
413 10 664 585 59 55 -1 -1 -1 0 
416 9 524 571 92 83 -1 -1 -1 0 
416 10 662 583 54 43 -1 -1 -1 0 
417 9 520 571 95 87 -1 -1 -1 0 
417 10 661 584 52 40 -1 -1 -1 0 
418 9 521 572 93 91 -1 -1 -1 0 
418 10 662 583 51 40 -1 -1 -1 0 
419 9 511 573 102 94 -1 -1 -1 0 
419 10 662 582 52 38 -1 -1 -1 0 
420 9 509 575 103 102 -1 -1 -1 0 
420 10 662 580 50 37 -1 -1 -1 0 
421 9 502 576 109 106 -1 -1 -1 0 
421 10 660 579 53 37 -1 -1 -1 0 
422 9 502 577 109 113 -1 -1 -1 0 
422 10 658 578 54 36 -1 -1 -1 0 
423 9 496 580 113 117 -1 -1 -1 0 
423 10 659 578 52 33 -1 -1 -1 0 
424 9 487 578 121 131 -1 -1 -1 0 
424 10 658 577 50 33 -1 -1 -1 0 
425 9 478 579 129 138 -1 -1 -1 0 
425 10 657 577 49 31 -1 -1 -1 0 
426 9 471 581 134 144 -1 -1 -1 0 
426 10 657 576 42 30 -1 -1 -1 0 
427 9 460 581 144 153 -1 -1 -1 0 
427 10 657 574 40 30 -1 -1 -1 0 
428 9 449 583 154 167 -1 -1 -1 0 
428 10 656 573 42 30 -1 -1 -1 0 
429 9 437 585 163 176 -1 -1 -1 0 
429 10 656 571 39 30 -1 -1 -1 0 
430 9 418 584 182 196 -1 -1 -1 0 
430 10 656 571 36 29 -1 -1 -1 0 
431 9 400 587 197 208 -1 -1 -1 0 
431 10 655 570 37 29 -1 -1 -1 0 
432 9 380 585 214 237 -1 -1 -1 0 
432 10 655 569 35 29 -1 -1 -1 0 
433 9 352 585 240 263 -1 -1 -1 0 
433 10 654 568 36 29 -1 -1 -1 0 
434 9 341 587 247 273 -1 -1 -1 0 
435 9 286 606 298 317 -1 -1 -1 0 
435 10 654 568 34 26 -1 -1 -1 0 
436 9 239 614 338 367 -1 -1 -1 0 
436 10 653 567 35 27 -1 -1 -1 0 
437 9 169 622 401 442 -1 -1 -1 0 
437 10 653 566 33 26 -1 -1 -1 0 
438 9 80 638 481 617 -1 -1 -1 0 
438 10 652 566 33 25 -1 -1 -1 0 
439 9 54 650 488 629 -1 -1 -1 0 
440 10 654 565 25 24 -1 -1 -1 0 
