143 3 146 342 344 140 -1 -1 -1 0 
144 3 192 327 339 152 -1 -1 -1 0 
145 3 233 338 343 145 -1 -1 -1 0 
146 3 273 341 359 144 -1 -1 -1 0 
147 3 319 341 344 142 -1 -1 -1 0 
148 3 362 341 336 141 -1 -1 -1 0 
149 3 401 340 339 143 -1 -1 -1 0 
150 3 444 340 349 142 -1 -1 -1 0 
151 3 488 341 338 142 -1 -1 -1 0 
152 3 528 341 340 141 -1 -1 -1 0 
153 3 570 338 353 144 -1 -1 -1 0 
154 3 612 340 345 144 -1 -1 -1 0 
155 3 654 340 343 143 -1 -1 -1 0 
156 3 695 339 338 144 -1 -1 -1 0 
157 3 737 342 338 141 -1 -1 -1 0 
158 3 776 338 322 142 -1 -1 -1 0 
159 3 817 341 302 141 -1 -1 -1 0 
160 3 855 343 275 140 -1 -1 -1 0 
161 3 897 344 347 139 -1 -1 -1 0 
162 3 937 342 342 141 -1 -1 -1 0 
163 3 977 349 302 134 -1 -1 -1 0 
164 3 1018 340 260 140 -1 -1 -1 0 
166 3 1129 345 150 136 -1 -1 -1 0 
167 3 1156 346 123 134 -1 -1 -1 0 
168 3 1175 348 104 133 -1 -1 -1 0 
169 3 1214 357 65 103 -1 -1 -1 0 
170 3 1252 369 27 69 -1 -1 -1 0 
367 4 706 373 169 222 -1 -1 -1 0 
368 4 703 353 158 201 -1 -1 -1 0 
369 4 701 336 148 192 -1 -1 -1 0 
370 4 699 319 142 184 -1 -1 -1 0 
371 4 695 303 137 165 -1 -1 -1 0 
372 4 695 288 126 151 -1 -1 -1 0 
373 4 693 274 124 149 -1 -1 -1 0 
374 4 691 263 122 143 -1 -1 -1 0 
375 4 689 250 118 134 -1 -1 -1 0 
376 4 686 239 114 121 -1 -1 -1 0 
377 4 687 228 103 112 -1 -1 -1 0 
378 4 684 218 101 104 -1 -1 -1 0 
379 4 683 209 98 98 -1 -1 -1 0 
380 4 684 199 91 100 -1 -1 -1 0 
381 4 682 189 89 94 -1 -1 -1 0 
382 4 681 180 86 94 -1 -1 -1 0 
383 4 679 171 85 89 -1 -1 -1 0 
384 4 677 164 83 88 -1 -1 -1 0 
385 4 677 156 79 86 -1 -1 -1 0 
386 4 675 150 80 81 -1 -1 -1 0 
387 4 676 144 75 76 -1 -1 -1 0 
388 4 674 137 74 75 -1 -1 -1 0 
389 4 674 131 71 73 -1 -1 -1 0 
390 4 674 126 68 73 -1 -1 -1 0 
391 4 672 119 69 70 -1 -1 -1 0 
392 4 672 115 66 68 -1 -1 -1 0 
393 4 671 110 67 65 -1 -1 -1 0 
394 4 670 104 64 68 -1 -1 -1 0 
395 4 670 100 62 63 -1 -1 -1 0 
396 4 670 96 59 60 -1 -1 -1 0 
397 4 669 92 58 60 -1 -1 -1 0 
398 4 668 88 58 65 -1 -1 -1 0 
401 4 665 77 58 57 -1 -1 -1 0 
402 4 666 71 55 57 -1 -1 -1 0 
403 4 664 69 55 54 -1 -1 -1 0 
404 4 664 66 54 52 -1 -1 -1 0 
405 4 664 63 53 49 -1 -1 -1 0 
406 4 665 58 50 52 -1 -1 -1 0 
407 4 664 54 50 53 -1 -1 -1 0 
